100416 -0.03570320 -0.07718121 0.041478010
100419 -0.02335025 -0.11682016 0.093469911
100420 -0.00641562 -0.07279198 0.066376356
100421 0.024418605 -0.20371086 0.228129467
100422 0.006150062 -0.03835666 0.044506724
100423 0.029935852 -0.08710924 0.117045090
100426 -0.02701264 -0.12949640 0.102483761
100427 -0.06820809 -0.01664477 -0.05156333
100428 -0.09220823 0.005324507 -0.09753274
100429 -0.03517308 -0.04329159 0.008118507
100430 0.055052076 -0.12886800 0.183920075
100504 0.006501260 -0.04662983 0.053131095
100505 -0.00500455 -0.04266160 0.037657055
100506 -0.05020384 0.009183027 -0.05938687
100507 -0.06456820 -0.03569794 -0.02887026
100510 -0.04637792 -0.01933271 -0.02704521
100511 -0.13399433 0.060158501 -0.19415284
100512 -0.10712698 0.059179964 -0.16630695
100513 -0.15091864 0.057474295 -0.20839293
100514 -0.15495456 0.065709312 -0.22066387
100517 -0.06021939 -0.08086097 0.020641579
100518 -0.19811321 0.111883252 -0.30999646
100519 -0.37909187 0.205103042 -0.58419491
100520 -0.07718121 -0.06407767 -0.01310354
100521 -0.07718121 -0.06407767 -0.01310354
100524 -0.08380224 0.029069157 -0.11287139
100525 -0.04083906 -0.04809586 0.007256806
100526 -0.03818526 -0.05465563 0.016470379
100527 0.051319223 -0.10924718 0.160566401
100528 -0.08194537 -0.09289617 0.010950805
100531 -0.07592561 -0.04693474 -0.02899087
100601 -0.13833947 0.053292279 -0.19163174
100602 -0.10258107 -0.00161856 -0.10096251
100603 -0.17670597 0.048232498 -0.22493846
100604 -0.04862085 -0.08023661 0.031615764
100607 0.008092892 -0.12115317 0.129246058
100608 -0.03111175 -0.09187697 0.060765226
100609 -0.07804639 -0.06369040 -0.01435598
100610 -0.07450980 0.007792208 -0.08230201
100611 -0.19449500 0.039069767 -0.23356476
100617 -0.17893477 0.010580498 -0.18951527
100618 -0.17893477 0.010580498 -0.18951527
100621 -0.21760753 0.053880934 -0.27148846
100622 -0.06571735 -0.06235980 -0.00335755
100623 -0.09690601 -0.01312189 -0.08378413
100624 -0.11153436 -0.01646621 -0.09506815
100625 -0.01767568 -0.13162739 0.113951714
100628 -0.01722125 -0.08584574 0.068624495
100629 -0.16324988 0.043050972 -0.20630085
100630 -0.19736772 0.123802042 -0.32116977
100701 -0.00360739 -0.10310512 0.099497734
100702 -0.15380012 0.076186971 -0.22998709
100705 -0.08322114 -0.00991980 -0.07330134
100706 -0.05671514 -0.03541423 -0.02130091
100707 -0.05110576 -0.03984498 -0.01126078
100708 -0.01114158 0.004089170 -0.01523075
100709 -0.05206893 0.067991170 -0.12006010
100712 -0.02426944 -0.02042722 -0.00384222
100713 -0.07202270 0.058421851 -0.13044455
100714 -0.06505907 -0.01926782 -0.04579125
100715 -0.30915796 0.142767097 -0.45192506
100716 -0.30915796 0.142767097 -0.45192506
100719 0.050363002 -0.01552476 0.065887765
100720 0.003318794 -0.05232338 0.055642179
100721 0.060192408 -0.00869565 0.068888060
100722 0.099896540 -0.05526482 0.155161362
100723 0.074919913 0.006015514 0.068904400
100726 0.153391669 -0.03692666 0.190318327
100727 0.047946591 -0.04594757 0.093894166
100728 0.065348761 -0.05072993 0.116078688
100729 0.032610676 -0.08202141 0.114632086
100730 0.061823704 -0.03327048 0.095094187
100802 -0.04425985 0.069878839 -0.11413869
100803 0.103221124 -0.04897558 0.152196707
100804 -0.09424029 0.062894939 -0.15713523
100805 -0.02741520 -0.00341463 -0.02400057
100806 -0.04609929 0.061646586 -0.10774588
100809 -0.04577234 0.015214821 -0.06098716
100810 0.046691965 -0.06598361 0.112675572
100811 -0.05886772 0.018758655 -0.07762638
100812 0.016074206 -0.00414938 0.020223584
100813 -0.06050029 0.107076350 -0.16757664
100816 -0.00092898 0.001253806 -0.00218279
100817 0.111873570 -0.09680655 0.208680124
100818 0.099053059 -0.12095032 0.220003383
100819 0.137309942 -0.31376147 0.451071409
100820 0.137309942 -0.31376147 0.451071409
100823 -0.07333742 -0.01536802 -0.05796940
100824 -0.17466656 0.217993564 -0.39266012
100825 -0.08583816 0.154226513 -0.24006467
100826 -0.09557193 0.142360306 -0.23793224
100827 -0.14586915 0.093401458 -0.23927061
100830 -0.12649819 0.045757312 -0.17225551
100831 -0.12890481 0.048497506 -0.17740232
100901 -0.08914422 0.062696353 -0.15184057
100902 -0.11364465 0.044674727 -0.15831937
100903 -0.08486239 0.058525118 -0.14338750
100906 -0.02426064 0.047547312 -0.07180796
100907 -0.02864928 0.036912123 -0.06556140
100908 -0.05978080 0.057767580 -0.11754838
100909 -0.08756421 0.173631754 -0.26119596
100910 -0.16995527 0.107347682 -0.27730296
100913 -0.13335706 0.080207732 -0.21356479
100914 -0.07837244 0.082522021 -0.16089446
100915 -0.19240484 0.157760000 -0.35016484
100916 -0.28144989 0.241823056 -0.52327295
100917 -0.28144989 0.241823056 -0.52327295
100920 -0.18374866 0.034876427 -0.21862508
100921 -0.20962993 0.083328029 -0.29295796
100927 -0.16796095 0.043496503 -0.21145745
100928 -0.12564402 0.045166858 -0.17081088
100929 -0.12447229 0.090121317 -0.21459360
100930 -0.08267524 0.012914969 -0.09559021
101008 -0.05215850 0.001355690 -0.05351419
101011 -0.02291946 0.030785947 -0.05370541
101012 -0.01747412 0.070887036 -0.08836116
101013 0.004189494 0.074576902 -0.07038741
101014 0.127948304 -0.13464567 0.262593973
101015 0.127948304 -0.13464567 0.262593973
101018 -0.14652490 0.105502392 -0.25202729
101019 -0.26421035 0.196118588 -0.46032894
101020 -0.19411980 0.146047575 -0.34016738
101021 -0.17647991 0.096069654 -0.27254957
101022 -0.20861346 0.194780658 -0.40339412
101025 -0.23360877 0.133625848 -0.36723462
101026 -0.23189790 0.167661098 -0.39955900
101027 -0.27709933 0.147879786 -0.42497912
101028 -0.29400161 0.095071414 -0.38907303
101029 -0.27571404 0.121308988 -0.39702302
101101 -0.26229195 0.159238785 -0.42153073
101102 -0.23748918 0.108337130 -0.34582631
101103 -0.22439716 0.036110777 -0.26050794
101104 -0.20790301 0.050975331 -0.25887834
101105 -0.29639227 0.140128420 -0.43652069
101108 -0.33694212 0.157667169 -0.49460929
101109 -0.35359888 0.154352857 -0.50795174
101110 -0.24566228 0.239964318 -0.48562660
101111 -0.38812964 0.115076212 -0.50320585
101112 -0.24295639 0.333828996 -0.57678538
101115 -0.48494624 0.307756118 -0.79270235
101116 -0.45116773 0.322236181 -0.77340391
101117 -0.47055138 0.295597484 -0.76614886
101118 -0.34680135 0.191467750 -0.53826910
101119 -0.34680135 0.191467750 -0.53826910
101122 -0.18039471 -0.02106786 -0.15932685
101123 -0.19995943 -0.01655426 -0.18340517
101124 -0.31013917 0.018735845 -0.32887501
101125 -0.15583270 0.025660473 -0.18149317
101126 -0.03554032 -0.08039076 0.044850439
101129 -0.17632808 0.003382774 -0.17971086
101130 -0.15703276 0.039748668 -0.19678142
101201 -0.19368601 0.004114680 -0.19780069
101202 -0.11195305 -0.08184491 -0.03010814
101203 -0.14350200 -0.05026469 -0.09323731
101206 -0.12849398 -0.03841850 -0.09007548
101207 -0.23665637 0.043879607 -0.28053598
101208 -0.15448649 0.006000857 -0.16048734
101209 -0.19065402 0.030249949 -0.22090397
101210 -0.23135081 0.059563758 -0.29091456
101213 -0.15204749 -0.00249486 -0.14955263
101214 -0.15781075 0.030883919 -0.18869467
101215 -0.27526208 0.226267664 -0.50152974
101216 -0.41953107 0.207816768 -0.62734784
101217 -0.41953107 0.207816768 -0.62734784
101220 -0.21250154 -0.02599492 -0.18650662
101221 -0.17756077 0.120301518 -0.29786228
101222 -0.17616876 0.083103004 -0.25927176
101223 -0.18779230 -0.03755370 -0.15023860
101224 -0.22780538 0.021557808 -0.24936319
101227 -0.23275518 0.042278861 -0.27503404
101228 -0.18883567 -0.06494727 -0.12388840
101229 -0.20380237 0.011761525 -0.21556389
101230 -0.18383907 -0.03603604 -0.14780303
101231 -0.25381054 0.005106507 -0.25891705
110104 -0.21143686 -0.01090480 -0.20053205
110105 -0.23054216 0.116364005 -0.34690617
110106 -0.24520070 0.044199646 -0.28940034
110107 -0.40710405 0.068918919 -0.47602297
110110 -0.26551316 0.026105428 -0.29161859
110111 -0.45250038 0.079207486 -0.53170787
110112 -0.42101443 0.072222222 -0.49323666
110113 -0.28967634 0.122841638 -0.41251798
110114 -0.32802061 0.146867026 -0.47488764
110117 -0.30390786 -0.01621206 -0.28769581
110118 -0.34175160 0.039571941 -0.38132354
110119 -0.27763992 0.148335015 -0.42597494
110120 -0.32612137 0.049212121 -0.37533349
110121 -0.32612137 0.049212121 -0.37533349
110124 -0.20905902 -0.03308824 -0.17597078
110125 -0.29245524 0.012497752 -0.30495300
110126 -0.40894798 0.183206911 -0.59215489
110127 -0.29202037 0.187565637 -0.47958601
110128 -0.37269800 0.168483257 -0.54118126
110131 -0.33600947 0.245949926 -0.58195940
110201 -0.31233310 0.193532001 -0.50586510
110209 -0.26419004 0.177431652 -0.44162170
110210 -0.33817054 0.176172554 -0.51434310
110211 -0.27969508 0.178909237 -0.45860432
110214 -0.02238858 -0.11606314 0.093674561
110215 -0.55058232 0.209785026 -0.76036735
110216 -0.41278330 0.253081563 -0.66586486
110217 -0.36581593 0.050603648 -0.41641958
110218 -0.36581593 0.050603648 -0.41641958
110221 -0.18042813 -0.04198409 -0.13844405
110222 -0.31886196 0.003188996 -0.32205096
110223 -0.35379211 0.011412480 -0.36520459
110224 -0.29069391 -0.02640933 -0.26428459
110225 -0.20950510 -0.05748479 -0.15202031
110228 -0.32838590 -0.00711435 -0.32127155
110301 -0.29453432 0.051787567 -0.34632188
110302 -0.33853275 0.021887720 -0.36042047
110303 -0.19856725 -0.03895049 -0.15961676
110304 -0.36321923 0.099958741 -0.46317798
110307 -0.23639708 -0.03479215 -0.20160493
110308 -0.12044561 -0.06318348 -0.05726214
110309 -0.31762574 0.070484744 -0.38811048
110310 -0.29149370 0.077858881 -0.36935258
110311 -0.27964187 0.077072886 -0.35671476
110314 -0.35076894 0.140169961 -0.49093890
110315 -0.36232778 0.059858195 -0.42218598
110316 -0.49352651 0.215608263 -0.70913477
110317 -0.50395315 0.188181158 -0.69213431
110318 -0.50395315 0.188181158 -0.69213431
110321 -0.35826098 0.011008296 -0.36926928
110322 -0.22803606 -0.02189191 -0.20614416
110323 -0.26758548 0.324289787 -0.59187526
110324 -0.32801670 0.167910682 -0.49592738
110325 -0.36671424 0.191058799 -0.55777304
110328 -0.34687720 0.076128927 -0.42300613
110329 -0.31007951 0.077430749 -0.38751026
110330 -0.26884412 0.004475579 -0.27331970
110331 -0.25498703 0.001941905 -0.25692894
110401 -0.32233670 0.043765967 -0.36610267
110406 -0.26285132 0.020909052 -0.28376037
110407 -0.22787039 -0.01205581 -0.21581458
110408 -0.16715894 -0.00584157 -0.16131738
110411 -0.12266987 -0.05127677 -0.07139310
110412 -0.14968632 -0.02183174 -0.12785459
110413 -0.22401672 0.121052632 -0.34506935
110414 -0.51424000 0.085569138 -0.59980914
110415 -0.51424000 0.085569138 -0.59980914
110418 -0.29499379 -0.01839152 -0.27660227
110419 -0.27251665 -0.00791970 -0.26459695
110420 -0.37044544 0.091958002 -0.46240344
110421 -0.46100000 0.088420674 -0.54942067
110422 -0.44790993 0.025348114 -0.47325804
110425 -0.27527054 0.021025662 -0.29629621
110426 -0.47259454 0.061845861 -0.53444040
110427 -0.23664914 0.006511628 -0.24316077
110428 -0.31429540 0.035260056 -0.34955545
110429 -0.24784526 -0.00598938 -0.24185589
110503 -0.30577877 0.040902350 -0.34668112
110504 -0.35065921 0.034676953 -0.38533616
110505 -0.26993299 0.042609854 -0.31254284
110506 -0.15986191 -0.08666037 -0.07320154
110509 -0.11755675 -0.06897481 -0.04858194
110510 -0.13035694 -0.02494895 -0.10540800
110511 -0.21627323 0.018801410 -0.23507464
110512 -0.28286271 0.043013908 -0.32587661
110513 -0.15009147 -0.04896788 -0.10112359
110516 -0.28435299 0.072634643 -0.35698763
110517 -0.48409021 0.198406188 -0.68249639
110518 -0.44164505 0.043505283 -0.48515034
110519 -0.45271739 0.159258432 -0.61197582
110520 -0.45271739 0.159258432 -0.61197582
110523 -0.15169214 -0.07802905 -0.07366308
110524 -0.32964486 0.105436315 -0.43508118
110525 -0.22926829 -0.04211659 -0.18715170
110526 -0.14324634 -0.10554562 -0.03770073
110527 -0.16241398 -0.09967369 -0.06274029
110530 -0.17830899 -0.09292706 -0.08538193
110531 -0.23159710 -0.06153306 -0.17006404
110601 -0.24755193 -0.00817220 -0.23937973
110602 -0.11292865 -0.14774993 0.034821281
110603 -0.28494466 -0.00757082 -0.27737384
110607 -0.29478271 0.033427343 -0.32821005
110608 -0.22994276 -0.02203795 -0.20790481
110609 -0.22856880 -0.03492723 -0.19364157
110610 -0.17420878 -0.08930082 -0.08490796
110613 -0.35845596 0.190898772 -0.54935473
110614 -0.16364053 -0.03282099 -0.13081954
110615 -0.18740976 -0.01465839 -0.17275138
110616 -0.31679871 0.121234568 -0.43803328
110617 -0.31679871 0.121234568 -0.43803328
110620 -0.16226569 -0.09630408 -0.06596161
110621 -0.24419836 0.048816568 -0.29301492
110622 -0.17206284 0.035689774 -0.20775261
110623 -0.27361460 0.134478736 -0.40809333
110624 -0.18376246 0.044536720 -0.22829918
110627 -0.04487434 -0.07690742 0.032033080
110628 -0.04603117 -0.07089552 0.024864352
110629 -0.13474119 -0.05420425 -0.08053694
110630 -0.17464860 -0.00795346 -0.16669514
110701 -0.25202888 0.061178483 -0.31320736
110704 -0.32444048 0.101879905 -0.42632038
110705 -0.27967807 0.082086433 -0.36176450
110706 -0.11405836 -0.03913458 -0.07492377
110707 -0.10262133 -0.07945155 -0.02316979
110708 -0.20588404 -0.01396385 -0.19192019
110711 -0.17861194 0.018008694 -0.19662063
110712 -0.12250257 -0.02437972 -0.09812285
110713 -0.23512003 0.082880798 -0.31800082
110714 -0.37875880 0.114566577 -0.49332537
110715 -0.37875880 0.114566577 -0.49332537
110718 -0.16773326 0.023542452 -0.19127571
110719 -0.09971774 -0.04515141 -0.05456634
110720 -0.19192104 0.023222281 -0.21514332
110721 -0.14742528 -0.01153403 -0.13589125
110722 -0.24435661 0.037516551 -0.28187316
110725 -0.22122038 0.034186301 -0.25540668
110726 -0.21964162 0.036883161 -0.25652478
110727 -0.11999340 0.002483533 -0.12247693
110728 -0.15818505 0.037354044 -0.19553910
110729 -0.15014413 0.007711831 -0.15785597
110801 -0.17501445 0.013457513 -0.18847196
110802 -0.11492127 -0.02446982 -0.09045144
110803 -0.18529165 0.133997040 -0.31928869
110804 -0.19541814 0.124648655 -0.32006679
110805 -0.23261744 0.149901933 -0.38251937
110808 -0.20511559 0.096343777 -0.30145937
110809 -0.18162417 0.154175434 -0.33579961
110810 -0.15777195 0.131494088 -0.28926603
110811 -0.11158252 0.031199743 -0.14278226
110812 0.043693952 -0.11985235 0.163546299
110815 -0.05145344 0.009096733 -0.06055018
110816 0.037435503 -0.15035189 0.187787391
110817 0.109969647 -0.08755545 0.197525099
110818 -0.00676692 -0.06466667 0.057899749
110819 -0.00676692 -0.06466667 0.057899749
110822 -0.10910129 -0.04208770 -0.06701359
110823 -0.10215080 -0.05625156 -0.04589924
110824 -0.06206962 -0.07035089 0.008281276
110825 -0.11220435 -0.00098152 -0.11122283
110826 -0.17649980 -0.00227621 -0.17422359
110829 -0.13486401 -0.05880551 -0.07605850
110830 -0.16168081 0.035635724 -0.19731654
110831 -0.19378446 -0.00763488 -0.18614959
110901 -0.22415870 0.083773743 -0.30793244
110902 -0.24861966 0.113424187 -0.36204385
110905 -0.21043062 0.010478505 -0.22090913
110906 -0.27703399 0.185617411 -0.46265140
110907 -0.27410192 0.040238210 -0.31434014
110908 -0.10839090 -0.02786228 -0.08052862
110909 -0.27386164 0.059466170 -0.33332781
110913 -0.17766147 0.010579400 -0.18824087
110914 -0.19655565 0.083366814 -0.27992246
110915 -0.18226164 -0.03427199 -0.14798965
110916 -0.18226164 -0.03427199 -0.14798965
110919 -0.24967670 0.050373218 -0.30004991
110920 -0.23180264 0.080102397 -0.31190504
110921 -0.14791038 0.022012099 -0.16992248
110922 -0.22142035 0.041692896 -0.26311324
110923 -0.26351995 0.103504482 -0.36702444
110926 -0.14240302 -0.04502601 -0.09737701
110927 -0.27338806 0.074579881 -0.34796794
110928 -0.28068259 0.030397944 -0.31108053
110929 -0.15581675 -0.04150210 -0.11431465
110930 -0.23363148 0.064410618 -0.29804210
111010 -0.21006638 -0.00625876 -0.20380761
111011 -0.11089860 -0.10610419 -0.00479442
111012 -0.21745962 0.000533640 -0.21799326
111013 -0.20277296 0.078361320 -0.28113428
111014 -0.10244277 -0.00784993 -0.09459283
111017 -0.14917311 -0.01861702 -0.13055609
111018 0.029848971 -0.10160666 0.131455636
111019 0.019392702 -0.22886519 0.248257896
111020 0.014019589 -0.17189115 0.185910736
111021 0.014019589 -0.17189115 0.185910736
111024 -0.21666064 -0.06914037 -0.14752027
111025 -0.14410622 -0.06905732 -0.07504890
111026 -0.07614545 -0.11867280 0.042527350
111027 -0.09428079 -0.03294937 -0.06133142
111028 -0.12914171 -0.02722590 -0.10191581
111031 -0.13134485 0.054018240 -0.18536309
111101 -0.14079575 -0.02410391 -0.11669184
111102 -0.15132887 -0.00890409 -0.14242479
111103 -0.09664626 -0.01158828 -0.08505798
111104 -0.18057057 0.059946401 -0.24051697
111107 -0.16648038 0.038404968 -0.20488535
111108 -0.17608098 -0.00459884 -0.17148215
111109 -0.16001081 0.042755663 -0.20276647
111110 -0.14405708 -0.06379430 -0.08026278
111111 -0.17100609 -0.02775850 -0.14324759
111114 -0.18934415 0.030822312 -0.22016647
111115 -0.18959151 0.090068945 -0.27966045
111116 -0.23095616 0.178190439 -0.40914660
111117 -0.41898370 0.234957020 -0.65394072
111118 -0.41898370 0.234957020 -0.65394072
111121 -0.20196611 -0.07575159 -0.12621451
111122 -0.21661127 -0.01353886 -0.20307241
111123 -0.23262249 0.036008268 -0.26863075
111124 -0.25735082 0.046406187 -0.30375701
111125 -0.22678338 0.030437149 -0.25722053
111128 -0.21978396 -0.01396673 -0.20581723
111129 -0.30266417 0.054336501 -0.35700067
111130 -0.20405256 -0.01067667 -0.19337589
111201 -0.21366366 -0.00796503 -0.20569863
111202 -0.14276112 -0.05054137 -0.09221975
111205 -0.14967072 -0.05664338 -0.09302734
111206 -0.18732409 -0.05217244 -0.13515165
111207 -0.14319312 -0.06399440 -0.07919872
111208 -0.25376042 -0.01278640 -0.24097403
111209 -0.22263990 -0.01911581 -0.20352410
111212 -0.26347305 -0.02931176 -0.23416129
111213 -0.26409517 0.047333733 -0.31142890
111214 -0.33319085 0.183110835 -0.51630169
111215 -0.36346472 0.033394161 -0.39685888
111216 -0.36346472 0.033394161 -0.39685888
111219 -0.29400334 0.081841756 -0.37584510
111220 -0.25549204 0.063672873 -0.31916492
111221 -0.24565857 0.061493836 -0.30715241
111222 -0.28627566 0.037748129 -0.32402379
111223 -0.29535019 0.141912555 -0.43726275
111226 -0.21747203 0.051944520 -0.26941655
111227 -0.23834677 0.014943336 -0.25329010
111228 -0.21651097 0.086638085 -0.30314906
111229 -0.25691951 0.124064914 -0.38098442
111230 -0.37408422 0.111595714 -0.48567993
120104 -0.29593846 0.081737237 -0.37767569
120105 -0.34009580 0.064672413 -0.40476821
120106 -0.18825486 0.035123133 -0.22337800
120109 -0.18084737 0.133556672 -0.31440404
120110 -0.11439030 0.047798196 -0.16218850
120111 -0.19856474 0.047220011 -0.24578475
120112 -0.18789466 0.052987480 -0.24088214
120113 -0.15082840 0.018392775 -0.16922118
120116 -0.21980892 0.098324946 -0.31813386
120117 -0.23624141 0.202178483 -0.43841989
120118 -0.16703838 0.082246740 -0.24928513
120119 -0.34830019 0.337894737 -0.68619493
120120 -0.34830019 0.337894737 -0.68619493
120130 -0.16080931 -0.03425727 -0.12655204
120131 -0.19620906 0.036288942 -0.23249800
120201 -0.19719194 0.018226938 -0.21541888
120202 -0.20119003 0.014897098 -0.21608713
120203 -0.20333524 0.031401164 -0.23473640
120206 -0.22860975 0.102712431 -0.33132218
120207 -0.19899875 0.074661315 -0.27366006
120208 -0.23909590 0.053550234 -0.29264613
120209 -0.22317787 0.028671043 -0.25184891
120210 -0.23661732 0.109713014 -0.34633034
120213 -0.18310794 0.072275896 -0.25538384
120214 -0.22231544 0.059895240 -0.28221068
120215 -0.12357320 -0.03572360 -0.08784960
120216 -0.17830731 0.055955236 -0.23426255
120217 -0.17830731 0.055955236 -0.23426255
120220 -0.19364776 0.033752041 -0.22739980
120221 -0.19323686 0.049691651 -0.24292851
120222 -0.11150969 0.081026948 -0.19253664
120223 -0.03890842 0.012727629 -0.05163605
120224 -0.04013630 -0.02230270 -0.01783360
120227 -0.07294463 -0.00323748 -0.06970716
120228 -0.12012066 0.019046717 -0.13916737
120229 -0.12629253 -0.00388732 -0.12240521
120301 -0.19039247 0.017803180 -0.20819565
120302 -0.15859975 0.012505967 -0.17110571
120305 -0.09750117 -0.05951424 -0.03798693
120306 -0.22990577 0.016056050 -0.24596182
120307 -0.19537001 -0.00113828 -0.19423173
120308 -0.15293917 0.038703760 -0.19164293
120309 -0.17335180 0.039430190 -0.21278199
120312 -0.18533221 0.059388534 -0.24472074
120313 -0.21814592 0.148981419 -0.36712734
120314 -0.14197128 -0.01867960 -0.12329168
120315 -0.16076823 -0.02447452 -0.13629372
120316 -0.16076823 -0.02447452 -0.13629372
120319 -0.24474937 0.071208803 -0.31595817
120320 -0.21786337 -0.00985659 -0.20800679
120321 -0.25948917 0.008354617 -0.26784379
120322 -0.20216992 0.055021234 -0.25719115
120323 -0.35061279 0.096174391 -0.44678718
120326 -0.30526592 0.071265104 -0.37653103
120327 -0.25368912 0.132766686 -0.38645581
120328 -0.39322251 0.032544217 -0.42576672
120329 -0.30293372 0.058692318 -0.36162604
120330 -0.34423668 0.087807867 -0.43204455
120405 -0.13495744 -0.00817349 -0.12678395
120406 -0.09741907 0.013254260 -0.11067333
120409 -0.09669089 -0.00027199 -0.09641890
120410 -0.13158100 0.065415462 -0.19699646
120411 -0.08367202 -0.01971344 -0.06395858
120412 -0.10766208 0.029969539 -0.13763162
120413 -0.10869931 0.034215558 -0.14291487
120416 -0.12856580 0.007893561 -0.13645936
120417 -0.07405622 0.039120879 -0.11317710
120418 -0.13094903 0.013097215 -0.14404624
120419 -0.04022370 -0.13964262 0.099418917
120420 -0.04022370 -0.13964262 0.099418917
120423 -0.13901793 0.094847645 -0.23386558
120424 -0.15718168 0.138962360 -0.29614404
120425 -0.24467217 0.099300967 -0.34397313
120426 -0.13548009 0.085871241 -0.22135133
120427 -0.32024020 0.089144841 -0.40938504
120502 -0.14707389 0.109548741 -0.25662263
120503 -0.16410492 0.039850710 -0.20395563
120504 -0.16630877 0.040594059 -0.20690283
120507 -0.12031569 -0.01015041 -0.11016528
120508 -0.21449875 0.020620093 -0.23511885
120509 -0.17359704 -0.00360152 -0.16999552
120510 -0.28509975 0.058095603 -0.34319535
120511 -0.26826111 0.075187508 -0.34344862
120514 -0.34344935 0.127912544 -0.47136190
120515 -0.37532637 0.146571136 -0.52189751
120516 -0.18219864 0.044090528 -0.22628917
120517 -0.09360707 -0.18579627 0.092189196
120518 -0.09360707 -0.18579627 0.092189196
120521 -0.26932703 0.103428522 -0.37275555
120522 -0.19411337 0.073666273 -0.26777964
120523 -0.25581762 0.122072715 -0.37789033
120524 -0.13324611 0.068034408 -0.20128052
120525 -0.17815061 0.066560224 -0.24471084
120528 -0.14545874 0.079869995 -0.22532873
120529 -0.11621007 0.013263591 -0.12947366
120530 -0.13404239 -0.00765964 -0.12638275
120531 -0.17175504 0.035723270 -0.20747831
120601 -0.07035398 -0.10551642 0.035162436
120604 -0.02004367 -0.08478418 0.064740504
120605 -0.04911181 -0.07715844 0.028046628
120606 -0.02967429 -0.10653057 0.076856278
120607 -0.04255214 -0.09922284 0.056670702
120608 -0.07857209 -0.00971008 -0.06886201
120611 -0.00579524 -0.07328036 0.067485125
120612 0.041731349 -0.07558710 0.117318444
120613 0.041787481 -0.17301108 0.214798558
120614 0.037405774 -0.17883841 0.216244187
120615 0.037405774 -0.17883841 0.216244187
120618 -0.25576130 0.003816081 -0.25957738
120619 -0.20702541 0.004097673 -0.21112308
120620 -0.23753245 -0.00454057 -0.23299188
120621 -0.15589580 -0.02523520 -0.13066059
120625 -0.13919720 0.000259578 -0.13945678
120626 -0.15057280 0.007012352 -0.15758516
120627 -0.17114378 -0.00914898 -0.16199480
120628 -0.19013553 0.020498667 -0.21063420
120629 -0.27832674 0.075934741 -0.35426148
120702 -0.20332330 0.048039644 -0.25136295
120703 -0.24065246 0.007881608 -0.24853407
120704 -0.18175915 -0.01113099 -0.17062816
120705 -0.29306605 0.038948850 -0.33201490
120706 -0.31234039 0.096522729 -0.40886312
120709 -0.36084009 0.101170215 -0.46201031
120710 -0.24003779 0.042614162 -0.28265195
120711 -0.24983765 0.043726674 -0.29356433
120712 -0.24127842 0.075752144 -0.31703056
120713 -0.36489891 0.100406991 -0.46530590
120716 -0.25860385 0.077257404 -0.33586126
120717 -0.43011099 0.091333852 -0.52144485
120718 -0.24957901 0.206214933 -0.45579394
120719 -0.23508629 0.371199082 -0.60628537
120720 -0.23508629 0.371199082 -0.60628537
120723 -0.16302541 0.067382743 -0.23040816
120724 -0.21578930 0.126951714 -0.34274102
120725 -0.20182639 0.053008924 -0.25483531
120726 -0.18671919 0.055312743 -0.24203193
120727 -0.17088991 0.038336337 -0.20922625
120730 -0.17735532 0.039861272 -0.21721659
120731 -0.18671497 0.014936416 -0.20165138
120801 -0.25513694 -0.01651412 -0.23862282
120802 -0.14843091 -0.05518164 -0.09324927
120803 -0.28099093 0.022493242 -0.30348418
120806 -0.18242030 -0.01735399 -0.16506631
120807 -0.27579769 0.034935305 -0.31073300
120808 -0.25084769 0.079878271 -0.33072596
120809 -0.30057672 0.112556838 -0.41313356
120810 -0.23374094 0.018064155 -0.25180509
120813 -0.24759609 0.043696610 -0.29129270
120814 -0.26540639 0.015930896 -0.28133729
120815 -0.42528054 0.104266657 -0.52954719
120816 -0.19646575 0.032652615 -0.22911837
120817 -0.19646575 0.032652615 -0.22911837
120820 -0.25411008 0.085305552 -0.33941563
120821 -0.26056470 0.029991380 -0.29055608
120822 -0.22619496 0.069332368 -0.29552733
120823 -0.21861629 0.126871144 -0.34548743
120824 -0.18199934 0.095121887 -0.27712123
120827 -0.28294580 0.087977990 -0.37092379
120828 -0.21784913 0.122719846 -0.34056897
120829 -0.17348691 0.078275168 -0.25176208
120830 -0.20482559 0.096283653 -0.30110924
120831 -0.26212702 0.073187652 -0.33531467
120903 -0.30586003 0.004717647 -0.31057768
120904 -0.20251883 0.005876116 -0.20839494
120905 -0.16361049 -0.01645429 -0.14715620
120906 -0.26221610 0.012190394 -0.27440650
120907 -0.19006599 -0.00322549 -0.18684050
120910 -0.27067867 0.025913621 -0.29659229
120911 -0.29417057 0.024904088 -0.31907466
120912 -0.15114123 0.004502814 -0.15564404
120913 -0.18750000 0.043037146 -0.23053715
120914 -0.19728804 0.077937821 -0.27522587
120917 -0.24739734 -0.00538504 -0.24201230
120918 -0.29251768 0.003427650 -0.29594533
120919 -0.19704240 0.072511848 -0.26955425
120920 -0.14730568 -0.05564702 -0.09165866
120921 -0.14730568 -0.05564702 -0.09165866
120924 -0.21498432 0.068354960 -0.28333928
120925 -0.19913517 0.061561132 -0.26069630
120926 -0.22511312 0.081476337 -0.30658946
120927 -0.28342726 0.100981471 -0.38440873
120928 -0.25077377 0.119761188 -0.37053496
121008 -0.16587496 0.168106045 -0.33398101
121009 -0.24999588 0.130692319 -0.38068820
121010 -0.23830585 0.071950632 -0.31025648
121011 -0.24117269 0.011944273 -0.25311697
121012 -0.25840297 0.081430376 -0.33983334
121015 -0.30433500 0.013330573 -0.31766558
121016 -0.29546146 0.081417286 -0.37687875
121017 -0.38359913 0.107188480 -0.49078761
121018 -0.16464929 0.108223264 -0.27287255
121019 -0.16464929 0.108223264 -0.27287255
121022 -0.19472672 0.176536174 -0.37126289
121023 -0.24604758 0.104443140 -0.35049072
121024 -0.24785576 0.089479371 -0.33733513
121025 -0.24935607 0.073662483 -0.32301855
121026 -0.26535374 0.081159758 -0.34651349
121029 -0.21425342 0.077234743 -0.29148816
121030 -0.24886417 0.077993643 -0.32685782
121031 -0.13036206 -0.00714924 -0.12321282
121101 -0.23873246 0.081348053 -0.32008051
121102 -0.23594691 0.097161017 -0.33310792
121105 -0.25975820 0.107747640 -0.36750584
121106 -0.21417147 0.116566179 -0.33073765
121107 -0.18289578 -0.00256185 -0.18033393
121108 -0.18281037 0.021519420 -0.20432979
121109 -0.24751429 0.043520366 -0.29103466
121112 -0.25041363 0.057208039 -0.30762166
121113 -0.15524935 0.125511903 -0.28076126
121114 -0.19824529 0.131594070 -0.32983936
121115 -0.37319282 0.176084801 -0.54927762
121116 -0.37319282 0.176084801 -0.54927762
121119 -0.18615015 -0.01476834 -0.17138182
121120 -0.18887800 -0.00501631 -0.18386169
121121 -0.21725308 0.016223133 -0.23347621
121122 -0.22090052 0.071364421 -0.29226494
121123 -0.13542626 -0.01066998 -0.12475629
121126 -0.20427118 0.020191427 -0.22446260
121127 -0.17028771 0.017550202 -0.18783791
121128 -0.15260227 0.004325944 -0.15692821
121129 -0.23427539 0.024579327 -0.25885471
121130 -0.18439376 -0.00885804 -0.17553572
121203 -0.27038018 0.022012171 -0.29239235
121204 -0.17450110 0.023540902 -0.19804200
121205 -0.12432553 0.024489127 -0.14881466
121206 -0.11608500 0.039186455 -0.15527145
121207 -0.11669847 0.095239327 -0.21193780
121210 -0.18932868 0.128104639 -0.31743332
121211 -0.15678847 0.060115661 -0.21690413
121212 -0.07108445 0.046328364 -0.11741281
121213 -0.03185171 -0.02194691 -0.00990480
121214 -0.10483851 0.056613368 -0.16145187
121217 -0.09242323 0.101349990 -0.19377322
121218 -0.02119751 -0.07222740 0.051029891
121219 -0.05395898 -0.01691492 -0.03704406
121220 -0.00649351 0.084660520 -0.09115403
121221 -0.00649351 0.084660520 -0.09115403
121224 -0.16529680 0.093074313 -0.25837112
121225 -0.24827999 0.130615843 -0.37889584
121226 -0.28138461 0.162839790 -0.44422440
121227 -0.28250551 0.150351223 -0.43285673
121228 -0.26158523 0.148662665 -0.41024790
121231 -0.27188875 0.160352569 -0.43224132
130104 -0.30711163 0.149556948 -0.45666858
130107 -0.27017817 0.139804801 -0.40998298
130108 -0.26928267 0.144179673 -0.41346234
130109 -0.21641714 0.147236344 -0.36365348
130110 -0.20730689 0.116143303 -0.32345019
130111 -0.19674664 0.116453671 -0.31320031
130114 -0.22219957 0.128973299 -0.35117287
130115 -0.27878030 0.228811938 -0.50759224
130116 -0.08441290 0.120021149 -0.20443404
130117 -0.07525698 0.169610130 -0.24486710
130118 -0.07525698 0.169610130 -0.24486710
130121 -0.03367141 -0.05689387 0.023222460
130122 -0.04654029 0.007429130 -0.05396942
130123 -0.03255780 0.013375248 -0.04593305
130124 -0.01801818 -0.06753799 0.049519814
130125 -0.05599303 -0.05098711 -0.00500592
130128 -0.04244566 -0.05413594 0.011690279
130129 -0.02235064 -0.02223728 -0.00011337
130130 -0.01326466 0.032879926 -0.04614459
130131 -0.04968232 0.058530947 -0.10821326
130201 -0.07330851 0.070174788 -0.14348330
130204 -0.07544318 0.035356283 -0.11079946
130205 -0.05300525 0.001197704 -0.05420296
130206 -0.05238323 0.024547945 -0.07693118
130207 -0.00056269 0.065407692 -0.06597038
130208 -0.06159564 -0.08446671 0.022871079
130218 -0.06159564 -0.08446671 0.022871079
130219 -0.15930700 0.083519965 -0.24282696
130220 -0.17001463 0.068829941 -0.23884457
130221 -0.15682246 0.057377645 -0.21420011
130222 -0.13544800 0.036353496 -0.17180150
130225 -0.24235263 0.069173820 -0.31152645
130226 -0.23701870 0.080631237 -0.31764993
130227 -0.17255121 0.033342856 -0.20589406
130228 -0.23111879 0.114624640 -0.34574343
130301 -0.11927094 0.119769024 -0.23903997
130304 -0.27688307 0.175089626 -0.45197270
130305 -0.19074069 0.110656747 -0.30139743
130306 -0.25864186 0.136885978 -0.39552783
130307 -0.16266245 0.080082500 -0.24274495
130308 -0.13872990 0.017795518 -0.15652542
130311 -0.03028982 -0.09495503 0.064665207
130312 -0.01611116 -0.09741948 0.081308325
130313 -0.11000259 -0.00662900 -0.10337358
130314 -0.11161299 0.087250252 -0.19886324
130315 -0.11161299 0.087250252 -0.19886324
130318 -0.05519897 -0.04099772 -0.01420126
130319 -0.08143968 -0.02621819 -0.05522149
130320 -0.09033542 0.020560985 -0.11089641
130321 -0.00360657 -0.05722975 0.053623178
130322 -0.05648695 -0.02268835 -0.03379860
130325 -0.12054513 -0.02484937 -0.09569576
130326 -0.07726032 -0.04660081 -0.03065951
130327 -0.06423893 -0.05018074 -0.01405818
130328 -0.05212219 -0.08739647 0.035274281
130329 -0.12455953 -0.06027937 -0.06428016
130401 -0.08361963 -0.05656847 -0.02705116
130402 -0.11644220 -0.04695116 -0.06949104
130403 -0.12949717 -0.04690920 -0.08258797
130408 -0.09823329 -0.05534057 -0.04289271
130409 -0.08961885 -0.05807129 -0.03154756
130410 -0.03561521 -0.09854084 0.062925625
130411 -0.01223926 -0.11356513 0.101325872
130412 -0.08090460 -0.06833816 -0.01256644
130415 -0.08499807 -0.03457334 -0.05042473
130416 -0.08449007 -0.04738679 -0.03710328
130417 -0.00180029 -0.08487276 0.083072462
130418 -0.05672588 -0.00148002 -0.05524586
130419 -0.05672588 -0.00148002 -0.05524586
130422 -0.02731904 -0.11453831 0.087219273
130423 -0.05403855 -0.07112007 0.017081516
130424 -0.18422790 0.038121250 -0.22234915
130425 -0.14108717 -0.01423393 -0.12685325
130426 -0.13000539 -0.05259506 -0.07741033
130502 -0.14012312 -0.02429231 -0.11583081
130503 -0.06505310 -0.08256929 0.017516192
130506 -0.05556196 -0.08990726 0.034345296
130507 -0.15754428 0.074169425 -0.23171371
130508 -0.07201272 -0.02868300 -0.04332972
130509 -0.16185884 0.002984805 -0.16484365
130510 -0.15923310 -0.02949370 -0.12973939
130513 -0.13708898 0.012348979 -0.14943796
130514 0.020021388 -0.08320923 0.103230621
130515 0.049838397 -0.16539033 0.215228727
130516 0.118817331 -0.07833710 0.197154435
130517 0.118817331 -0.07833710 0.197154435
130520 -0.23108985 0.025077285 -0.25616713
130521 -0.13749393 0.013852505 -0.15134644
130522 -0.22721224 0.009605027 -0.23681727
130523 -0.17984805 -0.01095358 -0.16889447
130524 -0.12241703 -0.05227679 -0.07014024
130527 -0.09126989 -0.10376964 0.012499754
130528 -0.09583042 -0.10938284 0.013552423
130529 -0.15257826 -0.02610932 -0.12646894
130530 -0.16775448 0.000298614 -0.16805309
130531 -0.09885463 -0.06643763 -0.03241699
130603 -0.11556244 -0.06688131 -0.04868112
130604 -0.13081840 -0.03594062 -0.09487779
130605 -0.12977354 -0.02260859 -0.10716494
130606 -0.13984688 -0.00346315 -0.13638373
130607 -0.13729852 -0.04801067 -0.08928785
130613 -0.11051628 -0.05632819 -0.05418809
130614 -0.12624523 0.054294565 -0.18053979
130617 -0.02025175 -0.11577525 0.095523503
130618 -0.09193497 -0.06424087 -0.02769410
130619 -0.12711452 0.037647583 -0.16476210
130620 -0.16041525 -0.02924610 -0.13116915
130621 -0.16041525 -0.02924610 -0.13116915
130624 0.004662867 -0.16498785 0.169650718
130625 -0.15259348 -0.05365095 -0.09894252
130626 0.005681474 -0.13676119 0.142442667
130627 0.011851207 -0.15792450 0.169775709
130628 0.066997226 -0.11213086 0.179128090
130701 -0.04865287 -0.05844220 0.009789329
130702 0.050620020 -0.09404827 0.144668286
130703 -0.00253858 -0.05999896 0.057460380
130704 0.039592740 -0.13408081 0.173673555
130705 0.074957096 -0.09378028 0.168737371
130708 0.100740282 -0.10626952 0.207009803
130709 0.027101934 -0.10518708 0.132289014
130710 -0.01118803 0.018123628 -0.02931166
130711 -0.06481611 0.104224791 -0.16904091
130712 0.051841746 -0.04431417 0.096155921
130715 0.020219267 -0.04385033 0.064069592
130716 0.060112797 -0.09378206 0.153894862
130717 0.137963844 -0.13747323 0.275437077
130718 0.162053281 -0.16567785 0.327731135
130719 0.162053281 -0.16567785 0.327731135
130722 -0.11149156 -0.00946761 -0.10202395
130723 0.027652882 -0.16325456 0.190907446
130724 -0.04456574 -0.07288375 0.028318012
130725 -0.09083205 -0.05102924 -0.03980281
130726 -0.05001030 -0.05338353 0.003373223
130729 0.001557806 -0.05267133 0.054229136
130730 0.006190756 -0.07650845 0.082699204
130731 0.023258008 -0.07881817 0.102076182
130801 -0.11024489 0.028859446 -0.13910433
130802 -0.00951433 -0.07967457 0.070160242
130805 -0.09042035 -0.02836673 -0.06205361
130806 -0.08592108 0.002393087 -0.08831417
130807 -0.02551308 -0.10130267 0.075789595
130808 -0.16415359 0.012216930 -0.17637052
130809 -0.06918348 -0.02964315 -0.03954033
130812 -0.12336500 0.006529074 -0.12989408
130813 -0.10556532 0.024058666 -0.12962399
130814 -0.09363251 0.052577142 -0.14620965
130815 -0.16666667 0.190516873 -0.35718354
130816 -0.16666667 0.190516873 -0.35718354
130819 -0.20500207 0.045578312 -0.25058038
130820 -0.08868897 -0.02305368 -0.06563529
130821 -0.10212608 -0.01184370 -0.09028238
130822 -0.12894454 -0.01279065 -0.11615389
130823 -0.07869564 -0.05381088 -0.02488476
130826 -0.17038603 0.038654870 -0.20904090
130827 -0.03336978 -0.15767244 0.124302656
130828 -0.08602409 -0.05016622 -0.03585787
130829 -0.12457171 -0.06397175 -0.06059995
130830 -0.08642974 -0.07791704 -0.00851271
130902 -0.12493093 -0.00107435 -0.12385658
130903 -0.12061195 -0.01074876 -0.10986319
130904 -0.01922089 -0.13647362 0.117252733
130905 -0.06209947 -0.06388120 0.001781730
130906 -0.05319805 -0.03165027 -0.02154778
130909 -0.11477413 0.062777314 -0.17755145
130910 -0.09064340 0.060649655 -0.15129306
130911 -0.06955543 0.025537530 -0.09509296
130912 -0.03535429 0.050333603 -0.08568789
130913 -0.08804880 0.042832723 -0.13088152
130916 -0.11022765 0.045487121 -0.15571477
130917 -0.14966542 0.011155029 -0.16082044
130918 -0.16284125 0.098635887 -0.26147714
130923 -0.16284125 0.098635887 -0.26147714
130924 -0.13138244 -0.02710906 -0.10427338
130925 -0.09997445 -0.04756217 -0.05241228
130926 -0.14148743 -0.02793080 -0.11355663
130927 -0.24993171 0.080030828 -0.32996254
130930 -0.26648777 0.050958859 -0.31744663
131008 -0.21808473 -0.00797180 -0.21011292
131009 -0.16154308 -0.00692177 -0.15462132
131010 -0.14436702 -0.03993693 -0.10443009
131011 -0.18612260 0.034841755 -0.22096435
131014 -0.07525936 -0.05651526 -0.01874410
131015 -0.11962275 -0.01052249 -0.10910026
131016 -0.09212982 -0.02542285 -0.06670698
131017 -0.14584499 0.081964170 -0.22780916
131018 -0.14584499 0.081964170 -0.22780916
131021 -0.02551173 -0.08751242 0.062000691
131022 -0.06213609 -0.05219636 -0.00993973
131023 0.038974165 -0.12168107 0.160655230
131024 -0.02928644 -0.07618175 0.046895313
131025 -0.04432428 -0.11283568 0.068511393
131028 -0.00957271 -0.17611848 0.166545769
131029 -0.05377397 -0.08075160 0.026977629
131030 -0.06512077 -0.08944807 0.024327307
131031 -0.05948535 -0.08995734 0.030471992
131101 -0.01216264 -0.09146843 0.079305799
131104 -0.08749377 -0.02923907 -0.05825470
131105 -0.14789065 0.043012712 -0.19090336
131106 0.016316367 -0.16427477 0.180591134
131107 -0.01321871 -0.14180070 0.128581991
131108 -0.01008804 -0.11880136 0.108713323
131111 -0.10369069 -0.02462867 -0.07906202
131112 -0.00692403 -0.17200955 0.165085523
131113 -0.03032067 -0.17151428 0.141193611
131114 -0.11238059 -0.06138255 -0.05099804
131115 -0.11238059 -0.06138255 -0.05099804
131118 -0.07377234 -0.07285799 -0.00091435
131119 -0.07213054 -0.06706796 -0.00506258
131120 -0.09881359 -0.00761212 -0.09120147
131121 -0.14810309 -0.00393655 -0.14416654
131122 -0.07278593 -0.06467512 -0.00811081
131125 -0.05694255 -0.10691605 0.049973505
131126 -0.06244473 -0.10832555 0.045880814
131127 -0.08844195 -0.05014351 -0.03829844
131128 -0.12724656 -0.03546048 -0.09178608
131129 -0.11770048 -0.03720706 -0.08049342
131202 -0.06381034 -0.09586601 0.032055674
131203 -0.06657836 -0.07966775 0.013089391
131204 -0.07271070 -0.05121611 -0.02149460
131205 -0.20259065 0.080672533 -0.28326318
131206 -0.26594043 0.112248409 -0.37818883
131209 -0.25026477 0.102407596 -0.35267237
131210 -0.25976315 0.153949631 -0.41371278
131211 -0.22046303 0.103771655 -0.32423468
131212 -0.26805958 0.089462801 -0.35752238
131213 -0.31631618 0.075606196 -0.39192238
131216 -0.32117492 0.069512737 -0.39068766
131217 -0.20345392 0.009752849 -0.21320677
131218 -0.23902672 0.096493740 -0.33552046
131219 -0.16431319 0.194760519 -0.35907371
131220 -0.16431319 0.194760519 -0.35907371
131223 -0.07132983 -0.09274490 0.021415069
131224 -0.09224119 -0.08583713 -0.00640406
131225 -0.09766129 -0.07544984 -0.02221145
131226 0.038190032 -0.13382223 0.172012262
131227 -0.02781648 -0.10623829 0.078421815
131230 -0.11011828 -0.01815064 -0.09196764
131231 -0.02140884 -0.11352713 0.092118292
140102 0.007876265 -0.19402469 0.201900954
140103 -0.03419154 -0.10420228 0.070010737
140106 0.002924246 -0.21439597 0.217320213
140107 -0.04441263 -0.10858262 0.064169984
140108 -0.03186995 -0.11196805 0.080098097
140109 -0.05014340 -0.08132279 0.031179395
140110 -0.01644801 -0.15222983 0.135781814
140113 -0.15121359 0.037081295 -0.18829488
140114 -0.15965873 0.068973868 -0.22863260
140115 -0.02920364 -0.15185301 0.122649375
140116 -0.36958863 0.099757674 -0.46934630
140117 -0.36958863 0.099757674 -0.46934630
140120 -0.06519674 -0.08801176 0.022815014
140121 -0.07440858 -0.05392815 -0.02048043
140122 -0.13876528 -0.00295007 -0.13581521
140123 -0.11339828 -0.02311776 -0.09028052
140124 -0.13145405 -0.01532903 -0.11612502
140127 -0.10483417 -0.07480234 -0.03003184
140128 -0.15557476 0.011016355 -0.16659112
140129 -0.19765739 -0.05674366 -0.14091373
140130 -0.17063205 -0.02418803 -0.14644401
140207 -0.09191524 -0.08451195 -0.00740329
140210 -0.16122266 0.056216282 -0.21743894
140211 -0.10067669 0.018280767 -0.11895746
140212 -0.13848423 0.094455462 -0.23293970
140213 -0.14439199 0.018776151 -0.16316814
140214 -0.17377370 0.054366514 -0.22814022
140217 -0.22343861 0.104265565 -0.32770418
140218 -0.19396275 0.013606075 -0.20756882
140219 -0.14086065 0.109951349 -0.25081200
140220 -0.13554676 0.049814815 -0.18536157
140221 -0.13554676 0.049814815 -0.18536157
140224 -0.13759670 -0.08080391 -0.05679279
140225 -0.09969287 -0.11977535 0.020082478
140226 -0.11462405 -0.05824758 -0.05637647
140227 -0.11269082 -0.02868977 -0.08400105
140228 -0.18849781 -0.03815604 -0.15034177
140303 -0.15968981 -0.03834663 -0.12134319
140304 -0.17185021 -0.02618231 -0.14566789
140305 -0.07530476 -0.12353850 0.048233744
140306 -0.10031888 -0.13879463 0.038475749
140307 -0.07071771 -0.13924976 0.068532049
140310 -0.03404236 -0.14487633 0.110833964
140311 -0.11924434 -0.04611223 -0.07313210
140312 -0.00373393 -0.16844340 0.164709464
140313 -0.14640199 0.001215399 -0.14761738
140314 -0.09927147 -0.01511603 -0.08415544
140317 -0.04014683 -0.08370129 0.043554461
140318 0.021935593 -0.17879868 0.200734270
140319 -0.02806486 -0.04913870 0.021073843
140320 -0.34954357 0.164580051 -0.51412362
140321 -0.34954357 0.164580051 -0.51412362
140324 0.018229917 -0.10834282 0.126572742
140325 -0.04880518 -0.00626191 -0.04254327
140326 -0.11701248 0.018294498 -0.13530698
140327 -0.07843009 0.017093747 -0.09552383
140328 -0.05032040 -0.01601660 -0.03430380
140331 -0.02914609 -0.06482774 0.035681645
140401 -0.09694738 -0.01239846 -0.08454892
140402 0.012052260 -0.09470811 0.106760366
140403 0.051992587 -0.20034238 0.252334971
140404 -0.07020608 -0.04176189 -0.02844418
140408 0.064995993 -0.12257737 0.187573360
140409 -0.01859525 -0.09678886 0.078193611
140410 0.058109402 -0.17006123 0.228170629
140411 -0.05791070 0.022313453 -0.08022416
140414 -0.11831565 0.116212447 -0.23452810
140415 -0.04943419 -0.00282564 -0.04660855
140416 -0.16990649 0.084786835 -0.25469333
140417 -0.17544468 0.134801762 -0.31024644
140418 -0.17544468 0.134801762 -0.31024644
140421 -0.05787189 -0.03010010 -0.02777179
140422 -0.05731966 -0.09378614 0.036466472
140423 -0.06798369 -0.02860296 -0.03938073
140424 -0.04175824 -0.00070966 -0.04104858
140425 0.044788357 -0.09557101 0.140359366
140428 -0.06970764 -0.00862184 -0.06108580
140429 -0.11809594 0.113039898 -0.23113583
140430 -0.16223075 0.073070065 -0.23530081
140505 -0.10559343 0.055677886 -0.16127132
140506 -0.06333476 0.097361826 -0.16069658
140507 -0.14830634 0.117319258 -0.26562559
140508 -0.14826372 0.095801393 -0.24406512
140509 -0.11274464 0.037345311 -0.15008995
140512 -0.09816306 -0.03289621 -0.06526685
140513 -0.16991591 0.030741410 -0.20065732
140514 -0.17093665 0.055387714 -0.22632436
140515 -0.44839196 0.114577856 -0.56296981
140516 -0.44839196 0.114577856 -0.56296981
140519 -0.22258415 0.050561148 -0.27314530
140520 -0.20276245 0.034612984 -0.23737543
140521 -0.12134107 -0.09828154 -0.02305953
140522 -0.20230108 0.028844988 -0.23114606
140523 -0.19741970 0.013416306 -0.21083600
140526 -0.15380085 -0.02206961 -0.13173124
140527 -0.20757420 0.025127055 -0.23270126
140528 -0.13798785 -0.04085622 -0.09713164
140529 -0.19089839 0.023479157 -0.21437755
140530 -0.20635807 0.061535854 -0.26789392
140603 -0.13902704 -0.03691410 -0.10211294
140604 -0.18002572 -0.00856898 -0.17145674
140605 -0.25812300 0.088468667 -0.34659167
140606 -0.19964907 -0.01559761 -0.18405145
140609 -0.13964445 -0.00837807 -0.13126638
140610 -0.15546563 -0.00968557 -0.14578006
140611 -0.15332887 -0.00215309 -0.15117578
140612 -0.20128955 0.001444364 -0.20273392
140613 -0.14005020 0.004438111 -0.14448831
140616 -0.05775814 -0.04430112 -0.01345701
140617 -0.14529054 0.102577828 -0.24786837
140618 -0.06125439 -0.00694671 -0.05430767
140619 -0.10952103 0.086247086 -0.19576811
140620 -0.10952103 0.086247086 -0.19576811
140623 -0.24348157 0.057969451 -0.30145102
140624 -0.24028985 0.049711237 -0.29000109
140625 -0.23669773 0.045585074 -0.28228280
140626 -0.30267766 0.080174004 -0.38285166
140627 -0.24198974 0.046902547 -0.28889229
140630 -0.27440107 0.079389922 -0.35379099
140701 -0.25872770 0.093832327 -0.35256003
140702 -0.17869485 0.109906579 -0.28860143
140703 -0.23359632 0.047944838 -0.28154116
140704 -0.27413956 0.117197353 -0.39133691
140707 -0.28840652 0.083813500 -0.37222002
140708 -0.17775193 0.096191371 -0.27394330
140709 -0.28062145 0.104566542 -0.38518799
140710 -0.32867166 0.177798713 -0.50647037
140711 -0.30928729 0.118241744 -0.42752904
140714 -0.26467026 0.231230001 -0.49590026
140715 -0.31784906 0.106981652 -0.42483071
140716 -0.30504820 0.134602263 -0.43965046
140717 -0.32148644 0.150835807 -0.47232224
140718 -0.32148644 0.150835807 -0.47232224
140721 -0.25258401 0.031669275 -0.28425329
140722 -0.15846280 0.033261642 -0.19172444
140723 -0.07761135 0.013757756 -0.09136911
140724 -0.10997508 0.027233867 -0.13720894
140725 -0.11500042 -0.00428239 -0.11071803
140728 -0.15561485 0.042415571 -0.19803042
140729 0.002496763 -0.15087014 0.153366901
140730 -0.09421883 -0.08109548 -0.01312335
140731 -0.05618555 -0.10265931 0.046473760
140801 -0.06738635 -0.14356892 0.076182564
140804 -0.03388430 -0.17106055 0.137176251
140805 -0.08462128 -0.13207835 0.047457069
140806 -0.20712701 0.014776419 -0.22190343
140807 -0.16088035 -0.01899776 -0.14188259
140808 -0.15559168 0.009522565 -0.16511424
140811 -0.16373421 0.004035513 -0.16776972
140812 -0.13839903 0.016274230 -0.15467326
140813 -0.23331046 0.171066564 -0.40437702
140814 -0.31171330 0.094924192 -0.40663749
140815 -0.31171330 0.094924192 -0.40663749
140818 -0.14749529 -0.05886563 -0.08862966
140819 -0.14926087 -0.06266326 -0.08659761
140820 -0.13542222 -0.07231750 -0.06310472
140821 -0.10254623 -0.10724219 0.004695962
140822 -0.08778037 -0.11823077 0.030450405
140825 -0.20686172 0.054476067 -0.26133779
140826 -0.11895975 -0.06647915 -0.05248060
140827 -0.13507392 -0.05449685 -0.08057707
140828 -0.12964144 -0.05464813 -0.07499331
140829 -0.17199643 0.028622290 -0.20061872
140901 -0.20211361 0.032544533 -0.23465814
140902 -0.22738692 0.009400086 -0.23678701
140903 -0.17451473 -0.01914264 -0.15537209
140904 -0.10592219 -0.04424763 -0.06167456
140905 -0.17147290 0.019446491 -0.19091939
140909 -0.10171643 -0.07654411 -0.02517233
140910 -0.12625646 -0.06099045 -0.06526601
140911 -0.06176701 -0.09965689 0.037889881
140912 -0.06194769 -0.10904833 0.047100635
140915 -0.03383540 -0.12398179 0.090146385
140916 -0.14733453 -0.00670907 -0.14062546
140917 -0.15887903 0.016875749 -0.17575478
140918 -0.26389655 0.089753773 -0.35365032
140919 -0.26389655 0.089753773 -0.35365032
140922 -0.08876637 -0.10157334 0.012806970
140923 -0.10262025 -0.10407232 0.001452070
140924 0.018508412 -0.13266200 0.151170411
140925 -0.14785756 -0.00734611 -0.14051146
140926 -0.07257992 -0.10273728 0.030157356
140929 -0.16804620 -0.01333719 -0.15470901
140930 -0.19465990 0.001784809 -0.19644471
141008 -0.20288320 0.008003451 -0.21088665
141009 -0.19854925 0.007172095 -0.20572135
141010 -0.19919965 -0.01260536 -0.18659429
141013 -0.08380687 -0.10600503 0.022198162
141014 -0.04834500 -0.08209412 0.033749121
141015 -0.26814765 0.125741502 -0.39388915
141016 -0.30188368 0.162087150 -0.46397083
141017 -0.30188368 0.162087150 -0.46397083
141020 -0.02024830 -0.09804674 0.077798437
141021 -0.05719634 -0.08250282 0.025306481
141022 -0.07506890 -0.06639992 -0.00866898
141023 -0.06274322 -0.06289371 0.000150494
141024 -0.13938183 0.012548176 -0.15193000
141027 -0.08385478 -0.05566117 -0.02819361
141028 -0.10194039 -0.01359871 -0.08834169
141029 -0.02706141 -0.08196204 0.054900630
141030 0.029070854 -0.09490185 0.123972700
141031 -0.03952892 -0.11161497 0.072086048
141103 -0.11589257 -0.06684677 -0.04904580
141104 -0.16599462 -0.01473753 -0.15125710
141105 0.062376238 -0.12912698 0.191503214
141106 0.008199190 -0.17871131 0.186910503
141107 0.063895351 -0.13552703 0.199422381
141110 -0.01096271 -0.13565279 0.124690084
141111 -0.01895677 -0.02709588 0.008139108
141112 -0.00434445 -0.06920904 0.064864592
141113 0.037918756 -0.09653806 0.134456815
141114 0.051608942 -0.07709718 0.128706120
141117 0.092675421 -0.10918680 0.201862223
141118 0.049513746 -0.05619470 0.105708442
141119 -0.09240662 0.045576567 -0.13798319
141120 -0.05367853 0.079603056 -0.13328158
141121 -0.05367853 0.079603056 -0.13328158
141124 -0.01444617 -0.12455456 0.110108389
141125 -0.06922653 -0.07549536 0.006268830
141126 -0.05263058 -0.10517554 0.052544959
141127 -0.06201274 -0.11621405 0.054201312
141128 -0.07105780 -0.06994906 -0.00110874
141201 -0.00228404 -0.12391383 0.121629788
141202 -0.08109900 -0.09647185 0.015372847
141203 0.042705923 -0.13701745 0.179723376
141204 0.008873016 -0.13056957 0.139442585
141205 0.058839160 -0.18481600 0.243655164
141208 0.020121756 -0.15225047 0.172372228
141209 -0.04164940 -0.09110222 0.049452822
141210 -0.06193293 -0.07798742 0.016054493
141211 -0.04613189 -0.07272848 0.026596597
141212 0.011781513 -0.14575271 0.157534223
141215 -0.02358252 -0.02620975 0.002627234
141216 0.039109085 -0.06444906 0.103558149
141217 0.024147129 0.000834794 0.023312335
141218 0.040260736 -0.04588409 0.086144830
141219 0.040260736 -0.04588409 0.086144830
141222 0.089267821 -0.16060725 0.249875076
141223 0.090780540 -0.17894326 0.269723805
141224 0.008343095 -0.08045779 0.088800888
141225 -0.00288087 -0.05268326 0.049802388
141226 -0.03171115 -0.06083109 0.029119932
141229 0.022985621 -0.08153638 0.104522003
141230 -0.09813111 -0.00988654 -0.08824457
141231 -0.07906718 -0.00298870 -0.07607848
150105 -0.04408295 -0.06996911 0.025886159
150106 -0.14126349 0.025028604 -0.16629210
150107 -0.08619885 -0.01881419 -0.06738466
150108 -0.03678337 -0.06454049 0.027757122
150109 -0.07609290 -0.02240238 -0.05369053
150112 -0.08556715 -0.01290194 -0.07266521
150113 -0.13597903 0.090414107 -0.22639313
150114 -0.17249951 0.101119538 -0.27361904
150115 -0.05071301 -0.00164362 -0.04906939
150116 -0.05071301 -0.00164362 -0.04906939
150119 -0.16580346 0.014973210 -0.18077667
150120 -0.11278818 0.003461125 -0.11624930
150121 -0.05428205 -0.06008563 0.005803573
150122 -0.03546988 -0.06505237 0.029582494
150123 -0.07670589 -0.01241333 -0.06429257
150126 -0.02291765 -0.05943961 0.036521960
150127 0.078199685 -0.11980694 0.198006622
150128 -0.00792372 -0.13667940 0.128755681
150129 -0.00845490 -0.11174582 0.103290923
150130 -0.05862228 -0.03287714 -0.02574515
150202 -0.04769577 -0.07927990 0.031584136
150203 -0.04924231 -0.08868715 0.039444837
150204 0.062394061 -0.27073493 0.333128994
150205 -0.07706431 -0.04213173 -0.03493258
150206 -0.06236829 -0.09195200 0.029583716
150209 -0.03804220 -0.12306101 0.085018814
150210 -0.10388093 -0.00759757 -0.09628336
150211 0.037693435 -0.17767932 0.215372752
150212 -0.11186708 0.003838639 -0.11570572
150213 -0.10613859 0.008987991 -0.11512658
150216 -0.12707370 0.096467477 -0.22354118
150217 -0.25120398 0.261538462 -0.51274244
150225 -0.25120398 0.261538462 -0.51274244
150226 -0.06480287 -0.08761436 0.022811493
150227 -0.12894155 -0.05652006 -0.07242149
150302 -0.10073986 -0.05039856 -0.05034131
150303 -0.03654332 -0.08954465 0.053001322
150304 -0.09253334 -0.06672487 -0.02580847
150305 -0.03528770 -0.17301458 0.137726871
150306 -0.10768663 -0.05505456 -0.05263206
150309 -0.08552731 -0.06386288 -0.02166443
150310 -0.09752423 -0.03769161 -0.05983262
150311 -0.07641336 -0.03912310 -0.03729025
150312 -0.08466663 -0.03319202 -0.05147461
150313 -0.07325690 0.004206760 -0.07746366
150316 -0.00584991 -0.07069253 0.064842625
150317 -0.03353298 -0.01209514 -0.02143783
150318 -0.09749821 0.035707732 -0.13320595
150319 0.108779775 -0.01243987 0.121219649
150320 0.108779775 -0.01243987 0.121219649
150323 -0.09265297 -0.07514789 -0.01750507
150324 -0.08879424 -0.07199078 -0.01680347
150325 -0.11898965 -0.04052189 -0.07846777
150326 -0.09258394 -0.05382542 -0.03875852
150327 -0.04255103 -0.07595048 0.033399446
150330 -0.05783432 -0.06593464 0.008100324
150331 -0.09425687 -0.05474133 -0.03951554
150401 -0.03251911 -0.07870296 0.046183847
150402 -0.07446439 -0.05000425 -0.02446014
150403 -0.00500232 -0.15753104 0.152528723
150407 -0.04923896 0.006988273 -0.05622724
150408 -0.04085873 0.006020002 -0.04687873
150409 -0.05924965 0.001772301 -0.06102195
150410 0.003693942 -0.01492437 0.018618309
150413 -0.05223636 0.051145924 -0.10338229
150414 -0.03176335 0.047025625 -0.07878897
150415 0.161776062 -0.07752929 0.239305348
150416 0.154100092 -0.00006272 0.154162808
150417 0.154100092 -0.00006272 0.154162808
150420 0.112751745 -0.17496256 0.287714307
150421 0.053158609 -0.11884415 0.172002764
150422 -0.01705478 -0.06359932 0.046544539
150423 -0.04024501 0.011827726 -0.05207273
150424 0.030193435 -0.08544067 0.115634101
150427 0.030041230 -0.18779729 0.217838524
150428 -0.02017833 -0.02203899 0.001860655
150429 0.020430948 -0.09356775 0.113998694
150430 0.045579126 -0.09600482 0.141583945
150504 -0.02109772 -0.00240839 -0.01868933
150505 0.081062742 -0.08929599 0.170358734
150506 0.161805068 -0.11581349 0.277618558
150507 0.136900118 -0.14543860 0.282338718
150508 0.155705255 -0.16349789 0.319203144
150511 0.068513984 -0.06974889 0.138262877
150512 0.086270108 -0.07878897 0.165059076
150513 -0.01721845 0.002871813 -0.02009027
150514 0.249907167 -0.12402175 0.373928920
150515 0.249907167 -0.12402175 0.373928920
150518 -0.02355172 0.014334974 -0.03788669
150519 0.022767629 -0.02446532 0.047232952
150520 0.023364400 -0.10103132 0.124395717
150521 0.068545482 -0.07447689 0.143022368
150522 -0.00133649 -0.02968740 0.028350908
150525 -0.05811373 -0.00272935 -0.05538438
150526 0.011116855 -0.06590926 0.077026111
150527 0.008395547 -0.09940844 0.107803992
150528 -0.06148135 -0.02083234 -0.04064901
150529 -0.07370442 -0.02082753 -0.05287689
150601 -0.07165793 -0.03160725 -0.04005068
150602 -0.05483806 -0.06829032 0.013452262
150603 -0.07682978 -0.05172287 -0.02510690
150604 -0.06326038 -0.06509462 0.001834240
150605 -0.07331441 -0.02292030 -0.05039411
150608 -0.06884919 -0.03720017 -0.03164902
150609 -0.08126411 -0.03303303 -0.04823108
150610 -0.14346952 0.022177122 -0.16564664
150611 -0.06953112 -0.02812574 -0.04140538
150612 -0.01000870 -0.06649842 0.056489719
150615 -0.04618112 -0.11856714 0.072386014
150616 -0.11950716 -0.00641926 -0.11308790
150617 0.000261512 -0.13579439 0.136055902
150618 -0.35679935 0.029943189 -0.38674253
150619 -0.35679935 0.029943189 -0.38674253
150623 -0.08279449 -0.07961280 -0.00318169
150624 -0.03865038 -0.07729500 0.038644616
150625 -0.10778754 0.008655715 -0.11644325
150626 -0.18506971 -0.01609634 -0.16897337
150629 -0.22337963 0.046360517 -0.26974015
150630 -0.08989061 -0.03651242 -0.05337819
150701 -0.01692957 -0.08684734 0.069917773
150702 -0.06286584 -0.05746587 -0.00539997
150703 -0.08462575 -0.00299968 -0.08162607
150706 -0.10449661 -0.02663227 -0.07786434
150707 -0.04982423 -0.11915123 0.069327000
150708 0.222342760 -0.22338019 0.445722951
150709 0.037657678 -0.10990706 0.147564742
150710 -0.05715641 -0.02481209 -0.03234432
150713 -0.06106428 -0.08825643 0.027192148
150714 -0.13988831 0.081513574 -0.22140189
150715 -0.06977205 0.026599205 -0.09637126
150716 0.080937167 -0.00444205 0.085379219
150717 0.080937167 -0.00444205 0.085379219
150720 -0.20039121 0.123252077 -0.32364328
150721 -0.20830959 0.193965686 -0.40227527
150722 -0.26096413 0.235162095 -0.49612622
150723 -0.08418390 0.030619577 -0.11480348
150724 -0.23798735 0.138688366 -0.37667572
150727 -0.25374845 0.144469103 -0.39821755
150728 -0.15442811 0.163018066 -0.31744618
150729 -0.18018723 0.100398956 -0.28058619
150730 -0.23768069 0.099109397 -0.33679009
150731 -0.14957039 0.094396652 -0.24396704
150803 -0.13123141 0.022307424 -0.15353884
150804 -0.14311162 0.056089645 -0.19920126
150805 -0.16667804 0.046990642 -0.21366868
150806 -0.14436839 0.015568132 -0.15993652
150807 -0.07270872 0.001693958 -0.07440268
150810 -0.07959410 0.031589927 -0.11118402
150811 -0.07814639 0.043846416 -0.12199281
150812 -0.05188112 0.091839250 -0.14372038
150813 -0.06569739 -0.01815353 -0.04754386
150814 -0.03096719 -0.04648097 0.015513779
150817 -0.04112463 0.056284797 -0.09740943
150818 0.093485866 -0.11303657 0.206522432
150819 -0.04953932 0.048523345 -0.09806267
150820 -0.01240853 0.058443058 -0.07085159
150821 -0.01240853 0.058443058 -0.07085159
150824 -0.10389654 -0.02942463 -0.07447191
150825 -0.15923603 0.054933084 -0.21416912
150826 -0.14216145 0.020691959 -0.16285341
150827 -0.04528054 -0.05381562 0.008535078
150828 -0.08306602 0.023491737 -0.10655775
150831 -0.08161875 0.027028773 -0.10864753
150901 -0.06532069 -0.00929623 -0.05602445
150902 -0.02951594 -0.03115836 0.001642419
150907 -0.12711069 0.095435082 -0.22254578
150908 -0.19809909 0.118821128 -0.31692022
150909 -0.13135043 0.069995620 -0.20134605
150910 -0.13764511 0.041320515 -0.17896562
150911 -0.00275618 -0.08542537 0.082669187
150914 -0.12215486 0.060460984 -0.18261584
150915 0.020121007 -0.11677116 0.136892167
150916 0.049630145 -0.22084018 0.270470323
150917 0.017960837 -0.06962925 0.087590084
150918 0.017960837 -0.06962925 0.087590084
150921 -0.17243511 0.136673840 -0.30910894
150922 -0.15633825 0.164675512 -0.32101376
150923 -0.16516116 0.162603523 -0.32776468
150924 -0.17349747 0.156040459 -0.32953793
150925 -0.13672284 0.145084080 -0.28180692
150928 -0.14313993 0.136768178 -0.27990811
150929 -0.17064239 0.142235044 -0.31287743
150930 -0.14804602 0.137534964 -0.28558098
151008 -0.15911597 0.206834763 -0.36595074
151009 -0.02822564 0.029674406 -0.05790004
151012 -0.01446664 0.001293661 -0.01576030
151013 -0.00994064 -0.00038373 -0.00955691
151014 -0.05442471 0.059682352 -0.11410707
151015 -0.02366864 0.049158909 -0.07282755
151016 -0.02366864 0.049158909 -0.07282755
151019 0.072167372 -0.07170107 0.143868438
151020 0.091672418 -0.07383704 0.165509460
151021 0.187981195 -0.12119550 0.309176698
151022 0.111424376 -0.09003167 0.201456045
151023 0.090756219 -0.09534663 0.186102848
151026 0.116440074 -0.12090248 0.237342551
151027 0.117015592 -0.12138085 0.238396439
151028 0.108768424 -0.09393508 0.202703501
151029 0.107601661 -0.10509991 0.212701568
151030 0.103742522 -0.12276122 0.226503743
151102 0.192427271 -0.15997062 0.352397887
151103 0.198033080 -0.16132188 0.359354963
151104 0.047248289 -0.04306523 0.090313520
151105 0.109142013 -0.11572876 0.224870772
151106 0.132354552 -0.11928240 0.251636950
151109 0.253710924 -0.17344467 0.427155592
151110 0.206498885 -0.14578601 0.352284895
151111 0.146826162 -0.09610298 0.242929143
151112 0.228379925 -0.10958401 0.337963936
151113 0.132814793 -0.08593847 0.218753266
151116 0.138364158 -0.08709889 0.225463045
151117 0.014125848 -0.03451743 0.048643275
151118 -0.06650380 0.056686191 -0.12318999
151119 0.066467761 -0.08340888 0.149876646
151120 0.066467761 -0.08340888 0.149876646
151123 0.028726800 -0.18508137 0.213808174
151124 0.022146863 -0.19684062 0.218987484
151125 0.078635323 -0.16976794 0.248403267
151126 0.108722420 -0.19026703 0.298989455
151127 0.043069594 -0.09350819 0.136577780
151130 0.083076027 -0.18494092 0.268016945
151201 0.088499708 -0.16631675 0.254816458
151202 0.011308895 -0.04950980 0.060818699
151203 0.141379093 -0.21710941 0.358488503
151204 0.153768783 -0.26130905 0.415077830
151207 0.199869603 -0.23453318 0.434402786
151208 0.205498534 -0.22497142 0.430469953
151209 0.184174141 -0.23380959 0.417983729
151210 0.123250958 -0.22770936 0.350960318
151211 0.159541873 -0.23525521 0.394797082
151214 0.073051688 -0.16609393 0.239145617
151215 0.079392878 -0.12128018 0.200673058
151216 0.147447285 -0.17133611 0.318783392
151217 0.223938224 -0.10029578 0.324234002
151218 0.223938224 -0.10029578 0.324234002
151221 0.033573323 -0.07137418 0.104947501
151222 0.033238081 -0.06625599 0.099494070
151223 0.033397853 -0.06781924 0.101217096
151224 0.047086131 -0.06939977 0.116485902
151225 0.071602493 -0.12371788 0.195320374
151228 0.027642022 -0.05492798 0.082570000
151229 0.075957261 -0.13078529 0.206742556
151230 -0.01182775 -0.06019037 0.048362623
151231 -0.06655130 0.032950521 -0.09950182
160104 -0.01040178 -0.00545695 -0.00494483
160105 -0.04421258 0.020067062 -0.06427964
160106 -0.00370439 -0.01018349 0.006479097
160107 -0.01418870 0.002485935 -0.01667464
160108 -0.05586563 0.033449268 -0.08931490
160111 0.026072787 -0.02540905 0.051481834
160112 0.010810536 -0.04212545 0.052935989
160113 0.078830593 -0.14818672 0.227017317
160114 -0.00856014 -0.07939869 0.070838547
160115 -0.00856014 -0.07939869 0.070838547
160118 -0.00212134 -0.00063715 -0.00148420
160119 -0.00569260 0.031252388 -0.03694499
160120 0.010296442 0.012886598 -0.00259016
160121 0.037341299 -0.00985587 0.047197165
160122 0.019558513 -0.02045885 0.040017367
160125 0.023636772 0.000148522 0.023488249
160126 0.070714629 -0.01495850 0.085673127
160127 0.031665584 0.005126123 0.026539461
160128 0.016383469 0.024285054 -0.00790159
160129 0.059973115 -0.04208702 0.102060134
160201 0.079984217 -0.01273715 0.092721369
160202 0.054589256 -0.02999476 0.084584012
160203 0.098756533 -0.09685879 0.195615327
160204 0.038415103 -0.03468037 0.073095470
160205 0.020581048 -0.01523239 0.035813440
160215 -0.00624368 -0.00189514 -0.00434855
160216 -0.03826854 0.035167388 -0.07343593
160217 -0.03151809 0.031833150 -0.06335124
160218 -0.02585438 0.001636661 -0.02749104
160219 -0.02585438 0.001636661 -0.02749104
160222 -0.04908944 0.008616320 -0.05770576
160223 0.010555541 -0.08690542 0.097460966
160224 -0.00918580 -0.01803607 0.008850268
160225 -0.01312815 -0.00319319 -0.00993496
160226 0.025791604 -0.08366951 0.109461117
160229 0.021576763 -0.05619772 0.077774482
160301 0.040942339 -0.07789155 0.118833888
160302 -0.00956332 -0.02629307 0.016729751
160303 0.082897825 -0.13731678 0.220214605
160304 0.056595706 -0.08799080 0.144586509
160307 0.060562945 -0.10798122 0.168544165
160308 0.083203138 -0.11601556 0.199218697
160309 0.120107548 -0.12522870 0.245336245
160310 0.099991056 -0.07470687 0.174697924
160311 0.073150797 -0.07054625 0.143697050
160314 0.035100929 -0.07568758 0.110788513
160315 0.072193090 -0.04315719 0.115350278
160316 0.081438096 -0.09983237 0.181270467
160317 -0.00355872 0.017228464 -0.02078718
160318 -0.00355872 0.017228464 -0.02078718
160321 0.022088625 -0.05874323 0.080831856
160322 0.045280810 -0.06345361 0.108734420
160323 0.051662404 -0.08920145 0.140863856
160324 0.086332903 -0.08368389 0.170016798
160325 0.067099941 -0.09267288 0.159772818
160328 0.088567406 -0.14931582 0.237883230
160329 0.142523364 -0.19534342 0.337866787
160330 -0.01991143 -0.00249535 -0.01741608
160331 0.082672286 -0.12250320 0.205175483
160401 0.015623983 -0.00402063 0.019644610
160405 0.000528821 -0.01353321 0.014062029
160406 0.061227108 -0.06714026 0.128367366
160407 0.091561691 -0.08206662 0.173628311
160408 0.074263805 -0.09530933 0.169573133
160411 -0.02736842 0.028466123 -0.05583454
160412 0.057841774 -0.10112719 0.158968962
160413 0.081556601 -0.13262704 0.214183636
160414 0.040469767 -0.06304778 0.103517547
160415 0.040469767 -0.06304778 0.103517547
160418 0.087217596 -0.10373951 0.190957108
160419 0.075120741 -0.08772122 0.162841962
160420 0.138173653 -0.09277748 0.230951129
160421 0.071772140 -0.04603647 0.117808614
160422 0.060279076 -0.02000181 0.080280886
160425 0.095243615 -0.04469110 0.139934714
160426 0.080846523 -0.04947029 0.130316813
160427 0.095364194 -0.07124091 0.166605099
160428 0.093278766 -0.08888889 0.182167655
160429 0.087191011 -0.08362463 0.170815642
160503 0.077654812 -0.09269825 0.170353059
160504 0.069079786 -0.07588386 0.144963645
160505 0.103475887 -0.10037549 0.203851379
160506 0.086943860 -0.06849617 0.155440030
160509 0.068615049 -0.01932494 0.087939988
160510 0.071537920 -0.03137708 0.102914998
160511 0.059070332 -0.01504916 0.074119493
160512 0.081882542 -0.05658162 0.138464158
160513 0.102027530 -0.06421263 0.166240161
160516 0.097510373 -0.01065137 0.108161746
160517 0.095732975 -0.03677001 0.132502982
160518 0.076320939 -0.07314100 0.149461939
160519 0.027801467 0.011752683 0.016048784
160520 0.027801467 0.011752683 0.016048784
160523 0.065302438 -0.01316938 0.078471815
160524 0.091504989 -0.05764826 0.149153252
160525 0.096005727 -0.06483755 0.160843272
160526 0.104074547 -0.07020873 0.174283275
160527 0.061876248 0.010144569 0.051731679
160530 0.114962795 -0.08425377 0.199216560
160531 0.073106040 -0.05513733 0.128243374
160601 0.117998422 -0.04660001 0.164598430
160602 0.078761699 -0.05890626 0.137667958
160603 0.107580233 -0.11729643 0.224876662
160606 0.086489918 -0.05500580 0.141495723
160607 0.095594293 -0.06275550 0.158349789
160608 0.103583391 -0.13273056 0.236313952
160613 0.043115677 0.011854951 0.031260726
160614 0.087325290 -0.02734918 0.114674472
160615 0.133578605 -0.13262512 0.266203728
160616 0.055186923 -0.00256191 0.057748836
160617 0.055186923 -0.00256191 0.057748836
160620 0.075878291 -0.06135987 0.137238159
160621 0.073331358 -0.06901744 0.142348800
160622 0.043760130 -0.03141901 0.075179136
160623 0.065637913 -0.03304774 0.098685648
160624 0.054316232 -0.01104999 0.065366220
160627 0.073291925 -0.12314089 0.196432818
160628 0.077518435 -0.08698082 0.164499251
160629 0.076547322 -0.12932402 0.205871346
160630 0.044854107 -0.03218424 0.077038344
160701 0.066164564 -0.03246606 0.098630622
160704 0.036258964 -0.04326992 0.079528886
160705 0.021535485 -0.02997900 0.051514481
160706 0.089825283 -0.15186494 0.241690227
160707 0.048964549 0.002161733 0.046802816
160708 0.180910587 -0.09986136 0.280771949
160711 -0.03436579 0.089093594 -0.12345939
160712 0.045411589 -0.07467864 0.120090226
160713 -0.01531480 0.069154775 -0.08446958
160714 -0.00415890 0.054808687 -0.05896759
160715 -0.00415890 0.054808687 -0.05896759
160718 0.056985046 -0.07351351 0.130498560
160719 0.074865834 -0.15482901 0.229694846
160720 0.081665803 -0.10944717 0.191112975
160721 0.047083775 -0.11200460 0.159088370
160722 0.038889533 -0.05334226 0.092231794
160725 0.139795953 -0.16087238 0.300668335
160726 0.114123361 -0.14077908 0.254902443
160727 0.098780869 -0.12532536 0.224106233
160728 0.094099597 -0.11091234 0.205011941
160729 0.055837563 -0.08549696 0.141334528
160801 0.114916459 -0.08349027 0.198406729
160802 0.089081298 -0.08430105 0.173382353
160803 0.085896309 -0.07449327 0.160389574
160804 0.106842234 -0.10852565 0.215367887
160805 0.123327744 -0.12553171 0.248859458
160808 0.121796145 -0.09271495 0.214511091
160809 0.066254588 -0.07284525 0.139099837
160810 0.096522224 -0.04771827 0.144240499
160811 0.091933903 -0.10481550 0.196749405
160812 0.068352131 -0.06840391 0.136756040
160815 0.088699001 -0.07322808 0.161927083
160816 -0.01152931 0.028059319 -0.03958863
160817 0.053904375 -0.03592706 0.089831438
160818 0.068129858 -0.11657033 0.184700186
160819 0.068129858 -0.11657033 0.184700186
160822 0.058728996 -0.15091639 0.209645389
160823 0.039845706 -0.17411557 0.213961279
160824 0.040898023 -0.18321392 0.224111943
160825 0.030209447 -0.16282088 0.193030329
160826 0.068227329 -0.15367463 0.221901963
160829 0.055625974 -0.19836191 0.253987889
160830 0.059335942 -0.19905636 0.258392306
160831 0.044297644 -0.12013980 0.164437443
160901 0.046934956 -0.14760148 0.194536432
160902 0.050035302 -0.14880357 0.198838877
160905 0.054072516 -0.10728355 0.161356070
160906 0.051608579 -0.09730275 0.148911327
160907 0.056879882 -0.13558966 0.192469539
160908 0.035903337 -0.12063450 0.156537835
160909 0.087601284 -0.16926964 0.256870921
160912 0.049182359 -0.07112500 0.120307359
160913 0.145118734 -0.13021703 0.275335762
160914 0.170668954 -0.17615894 0.346827894
160919 0.170668954 -0.17615894 0.346827894
160920 0.054106211 -0.05747716 0.111583374
160921 -0.00567426 0.023642423 -0.02931668
160922 0.058943249 -0.04520087 0.104144118
160923 -0.00801542 0.023706405 -0.03172182
160926 0.066307411 -0.09711772 0.163425133
160927 -0.00241811 0.024781850 -0.02719996
160928 0.067149943 -0.09389044 0.161040384
160929 -0.01410542 0.027469529 -0.04157495
160930 0.005209006 0.012972837 -0.00776383
161010 -0.02636777 0.026719557 -0.05308732
161011 -0.02577841 0.034589611 -0.06036802
161012 -0.00586741 0.025315910 -0.03118332
161013 0.055965231 -0.05925695 0.115222178
161014 0.123569488 -0.12059510 0.244164591
161017 0.007698737 0.046432616 -0.03873388
161018 -0.00207125 0.025207324 -0.02727858
161019 0.072765875 -0.05480500 0.127570871
161020 0.152496626 -0.21904762 0.371544245
161021 0.152496626 -0.21904762 0.371544245
161024 0.023035600 -0.02060249 0.043638094
161025 0.027111335 -0.02247924 0.049590574
161026 0.027100888 -0.02998696 0.057087850
161027 0.004265345 -0.01004486 0.014310206
161028 0.037643652 -0.03709029 0.074733946
161031 0.010339734 -0.01592371 0.026263446
161101 0.025407580 -0.02119445 0.046602033
161102 0.052321157 -0.04332114 0.095642297
161103 0.018048359 -0.01511820 0.033166556
161104 0.040459602 -0.05469467 0.095154272
161107 0.044164191 -0.03834141 0.082505597
161108 0.039857888 -0.01615622 0.056014106
161109 0.034234832 -0.01361727 0.047852106
161110 0.034296941 -0.01840161 0.052698553
161111 0.062575659 -0.05537195 0.117947608
161114 0.123413384 -0.07792510 0.201338483
161115 0.164847572 -0.07050633 0.235353902
161116 0.115876072 -0.14058355 0.256459626
161117 0.123678843 -0.14249037 0.266169215
161118 0.123678843 -0.14249037 0.266169215
161121 0.002157858 -0.01146355 0.013621408
161122 0.020405528 -0.08801274 0.108418272
161123 0.025011134 -0.09627207 0.121283208
161124 0.027928233 -0.12504659 0.152974823
161125 -0.00357451 0.007470990 -0.01104550
161128 0.017911142 -0.02082863 0.038739769
161129 0.041607520 -0.04934645 0.090953967
161130 0.038034158 -0.11843439 0.156468553
161201 0.048368092 -0.06672755 0.115095645
161202 0.090485337 -0.26524363 0.355728965
161205 0.096170622 -0.18996656 0.286137178
161206 0.116380438 -0.30966754 0.426047975
161207 0.046382964 -0.06847891 0.114861871
161208 0.195417515 -0.16669984 0.362117356
161209 0.085132685 -0.14626452 0.231397208
161212 0.036980591 -0.05313093 0.090111521
161213 0.058136103 -0.07772561 0.135861716
161214 0.014387648 -0.01574264 0.030130290
161215 -0.00120096 -0.08404465 0.082843688
161216 -0.00120096 -0.08404465 0.082843688
161219 0.027191545 -0.06221629 0.089407833
161220 0.001067877 0.000314248 0.000753629
161221 0.004529375 -0.01225413 0.016783507
161222 0.048522188 -0.15558856 0.204110751
161223 0.049842515 -0.18470685 0.234549362
161226 0.052810250 -0.19115232 0.243962573
161227 0.021002606 -0.04930260 0.070305209
161228 -0.03952211 0.113470158 -0.15299227
161229 -0.02560904 0.061885407 -0.08749444
161230 0.022785531 -0.01804927 0.040834799
170103 0.003199360 0.004689407 -0.00149005
170104 0.000033175 0.002005394 -0.00197222
170105 -0.00264114 0.024553267 -0.02719440
170106 -0.00226178 0.027357311 -0.02961909
170109 -0.00348300 0.034362701 -0.03784570
170110 0.083830381 -0.24677077 0.330601154
170111 0.022318215 -0.04475896 0.067077177
170112 0.063246619 -0.23627685 0.299523469
170113 0.111091703 -0.12304381 0.234135510
170116 0.036769394 -0.01908114 0.055850535
170117 0.046171000 -0.06756559 0.113736587
170118 0.022354694 0.027800978 -0.00544628
170119 -0.09794571 0.066549912 -0.16449562
170120 -0.09794571 0.066549912 -0.16449562
170123 -0.01616461 0.031122236 -0.04728685
170124 -0.00446132 0.010415293 -0.01487661
170125 0.009235805 -0.02320230 0.032438106
170126 0.000571895 -0.02142111 0.021993003
170203 0.043690030 -0.05708649 0.100776519
170206 0.023127312 -0.04198562 0.065112930
170207 0.044028067 -0.10939942 0.153427486
170208 0.056956393 -0.07132199 0.128278386
170209 0.013469653 -0.02578397 0.039253625
170210 0.116222887 -0.20720889 0.323431777
170213 0.024939086 -0.04624491 0.071183999
170214 -0.02112061 0.029732522 -0.05085314
170215 0.102971231 -0.06449609 0.167467316
170216 0.230289959 -0.22133995 0.451629910
170217 0.230289959 -0.22133995 0.451629910
170220 0.039814556 -0.14283507 0.182649628
170221 0.112395930 -0.14711730 0.259513226
170222 -0.01768402 0.045408558 -0.06309258
170223 0.018419395 -0.03219750 0.050616899
170224 0.017267542 -0.03271974 0.049987282
170227 -0.05837093 0.055059862 -0.11343079
170228 0.009092677 -0.01809905 0.027191722
170301 0.016950932 -0.01637367 0.033324604
170302 0.030222556 -0.03670096 0.066923520
170303 0.035547214 -0.04996163 0.085508848
170306 0.026835237 -0.01861262 0.045447859
170307 0.007295466 -0.00128023 0.008575694
170308 0.014756407 -0.02362292 0.038379329
170309 0.037354175 -0.08879585 0.126150026
170310 0.000784806 -0.02328864 0.024073444
170313 0.142084775 -0.12193144 0.264016220
170314 0.011942316 -0.02381537 0.035757686
170315 0.014163120 -0.04678890 0.060952019
170316 0.054094666 -0.09582760 0.149922268
170317 0.054094666 -0.09582760 0.149922268
170320 0.050491477 -0.16553118 0.216022659
170321 0.058820282 -0.11607839 0.174898673
170322 0.042071905 -0.09106293 0.133134834
170323 0.042192914 -0.06603953 0.108232443
170324 0.062124128 -0.08093775 0.143061878
170327 0.050092092 -0.05251005 0.102602141
170328 0.033197250 -0.06478726 0.097984511
170329 0.058099958 -0.08116491 0.139264873
170330 0.057442001 -0.07814670 0.135588700
170331 0.070896652 -0.09888032 0.169776970
170405 0.094365648 -0.16000868 0.254374332
170406 0.097580936 -0.12501849 0.222599429
170407 0.051782069 -0.05580310 0.107585167
170410 0.057875934 -0.05019220 0.108068136
170411 0.080712391 -0.08223764 0.162950031
170412 0.072066706 -0.08858593 0.160652633
170413 0.087064677 -0.07557604 0.162640713
170414 0.093463653 -0.10945552 0.202919169
170417 0.052407582 -0.01008856 0.062496137
170418 0.089320388 -0.07714119 0.166461578
170419 0.132470935 -0.08581081 0.218281746
170420 0.098838087 -0.16555407 0.264392159
170421 0.098838087 -0.16555407 0.264392159
170424 0.033049784 -0.03060886 0.063658641
170425 0.089169204 -0.08785816 0.177027365
170426 0.068142511 -0.03769643 0.105838941
170427 0.077785818 -0.05881778 0.136603595
170428 0.066816052 -0.05697179 0.123787838
170502 0.076863691 -0.08470667 0.161570365
170503 0.088699421 -0.09233057 0.181029988
170504 0.091706316 -0.09728630 0.188992618
170505 0.121029773 -0.09079641 0.211826179
170508 0.044714272 -0.02412248 0.068836748
170509 0.046512659 -0.03533423 0.081846894
170510 0.067109766 -0.05492868 0.122038444
170511 0.066004552 -0.06471151 0.130716060
170512 0.107192775 -0.13446228 0.241655052
170515 -0.08023289 0.073369565 -0.15360245
170516 0.129505401 -0.06781556 0.197320964
170517 -0.06603307 0.099169351 -0.16520242
170518 -0.05604270 0.007570023 -0.06361272
170519 -0.05604270 0.007570023 -0.06361272
170522 0.008676165 -0.01025829 0.018934454
170523 0.075234356 -0.06296185 0.138196202
170524 0.107454789 -0.11951575 0.226970541
170525 0.078195911 -0.06750972 0.145705631
170526 0.009502722 -0.00356897 0.013071690
170531 0.064461743 -0.06535344 0.129815185
170601 0.063105781 -0.06802030 0.131126085
170602 0.067692134 -0.02451558 0.092207710
170605 0.109327402 -0.07326699 0.182594396
170606 0.058726152 -0.04521182 0.103937971
170607 0.045414665 -0.04296651 0.088381177
170608 0.042508651 -0.03498905 0.077497699
170609 0.081237281 -0.12458687 0.205824147
170612 0.098277341 -0.05543261 0.153709953
170613 0.032462950 -0.02630730 0.058770245
170614 0.028071113 -0.02176106 0.049832174
170615 0.104100029 -0.12333709 0.227437120
170616 0.104100029 -0.12333709 0.227437120
170619 -0.09929391 0.013931889 -0.11322580
170620 -0.03576923 -0.05347222 0.017702991
170621 -0.06882077 0.016129032 -0.08494980
170622 -0.09707161 0.024732543 -0.12180415
170623 -0.09662071 0.005691729 -0.10231244
170626 -0.08466518 0.001247361 -0.08591254
170627 -0.07164785 0.004025528 -0.07567338
170628 -0.02943119 -0.01908456 -0.01034662
170629 -0.02723427 -0.02141870 -0.00581557
170630 -0.00034559 -0.06990059 0.069554994
170703 -0.04971110 -0.00707714 -0.04263396
170704 0.025197251 -0.06551506 0.090712313
170705 0.022596549 -0.04751664 0.070113190
170706 0.007420476 -0.02976969 0.037190164
170707 -0.04907565 0.023292168 -0.07236782
170710 -0.01173325 -0.00773168 -0.00400158
170711 -0.02526818 0.052389177 -0.07765735
170712 -0.07594264 0.042657241 -0.11859989
170713 0.001119695 -0.00987340 0.010993098
170714 -0.01441923 0.001375989 -0.01579521
170717 0.041164401 -0.03898867 0.080153074
170718 0.015120871 -0.03576884 0.050889710
170719 -0.08526741 0.103217158 -0.18848456
170720 0.031955227 -0.04498816 0.076943388
170721 0.031955227 -0.04498816 0.076943388
170724 -0.05730366 -0.00273766 -0.05456600
170725 -0.06065559 -0.00316533 -0.05749026
170726 -0.06738885 -0.00667727 -0.06071159
170727 -0.06578132 -0.00486805 -0.06091327
170728 -0.03789738 -0.04447989 0.006582503
170731 -0.05596046 -0.00069355 -0.05526691
170801 -0.15030584 0.063146629 -0.21345247
170802 -0.01397713 -0.06516792 0.051190791
