								大连商品交易所 成交量_买持仓_卖持仓排名	

品种代码：cs		Date：20151207	

			期货公司会员	

名次		会员简称	成交量		增减		
1		海通期货	88,382		-9,445		
2		东航期货	52,206		1,305		
3		安粮期货	48,147		-13,628		
4		华泰期货	31,632		7,805		
5		中信期货	30,050		3,125		
6		同信久恒	29,692		-2,341		
7		东证期货	28,897		9,515		
8		新湖期货	28,187		-80		
9		徽商期货	28,153		-4,809		
10		华安期货	25,098		-4,231		
11		万达期货	24,442		-4,176		
12		兴证期货	23,229		-2,325		
13		南华期货	22,878		-1,476		
14		国泰君安	21,794		-24,232		
15		永安期货	21,792		-1,837		
16		申银万国	21,640		-9,941		
17		银河期货	19,901		-2,633		
18		中粮期货	16,622		-25,631		
19		光大期货	16,544		-7,889		
20		瑞达期货	16,097		10,101		
21		集成期货	15,802		6,195		
22		广发期货	15,591		-2,418		
23		五矿经易	15,179		9,658		
24		方正中期	14,846		-2,510		
25		国海良时	14,537		5,593		
26		浙商期货	14,249		7,756		
27		国金期货	14,243		5,987		
28		国投期货	13,100		-402		
29		中国国际	13,006		-2,471		
30		鲁证期货	12,950		1,479		
31		宝城期货	12,275		5,854		
32		宏源期货	11,961		1,492		
33		天风期货	11,701		-4		
34		金元期货	11,432		-39,170		
35		中信建投	11,359		-3,888		
36		混沌天成	11,351		4,349		
37		创元期货	10,858		389		
38		华鑫期货	10,290		-1,431		
39		东方汇金	9,391		2,272		
40		中衍期货	9,368		2,795		
41		国元期货	9,327		-1,190		
42		国联期货	8,994		838		
43		国都期货	8,383		992		
44		东海期货	8,265		3,768		
45		中融汇信	7,968		249		
46		中辉期货	7,940		-269		
47		大通期货	7,801		175		
48		弘业期货	7,426		-4,597		
49		长江期货	7,324		1,971		
50		招商期货	7,177		535		
51		中航期货	7,134		2,665		
52		国信期货	6,896		-740		
53		格林大华	6,443		-1,179		
54		中大期货	5,819		-1,552		
55		浙江新世纪	5,394		2,101		
56		北京首创	5,180		-13,623		
57		安信期货	4,977		905		
58		信达期货	4,964		-3,630		
59		上海中期	4,936		-1,392		
60		中投期货	4,470		-143		
61		冠通期货	4,231		-1,422		
62		建信期货	4,228		1,140		
63		北京金鹏	4,191		504		
64		美尔雅期货	4,144		-15,360		
65		华融期货	4,045		-717		
66		一德期货	4,005		-574		
67		汇鑫期货	3,913		2,397		
68		江苏新纪元	3,678		1,213		
69		金瑞期货	3,675		-7,069		
70		深圳瑞龙	3,656		130		
71		渤海期货	3,423		1,587		
72		上海中财	3,289		-1,513		
73		招金期货	3,187		-157		
74		天鸿期货	2,726		1,650		
75		德盛期货	2,687		306		
76		广永期货	2,683		1,510		
77		神华期货	2,540		2,015		
78		大地期货	2,539		-3,378		
79		西部期货	2,296		-104		
80		恒泰期货	2,274		695		
81		金友期货	2,174		57		
82		迈科期货	2,173		110		
83		长安期货	2,127		-1,457		
84		金石期货	2,103		1,264		
85		先融期货	2,082		184		
86		东吴期货	2,065		-1,785		
87		江西瑞奇	2,014		-668		
88		英大期货	2,001		-1,454		
89		红塔期货	1,992		1,031		
90		中州期货	1,978		1,102		
91		锦泰期货	1,958		-673		
92		上海浙石	1,927		1,519		
93		国贸期货	1,851		-782		
94		民生期货	1,709		117		
95		华西期货	1,656		-856		
96		广州期货	1,644		-207		
97		河北恒银	1,617		575		
98		云晨期货	1,605		953		
99		大越期货	1,600		-1,544		
100		南证期货	1,483		690		
101		中银国际	1,446		33		
102		海证期货	1,404		850		
103		铜冠金源	1,256		187		
104		中原期货	1,249		-271		
105		大有期货	1,217		-612		
106		大连良运	1,196		-509		
107		津投期货	1,171		-1,907		
108		华联期货	1,078		-401		
109		倍特期货	1,058		18		
110		东兴期货	918		592		
111		银建期货	907		-546		
112		上海大陆	854		-996		
113		盛达期货	761		-318		
114		海航东银	741		-140		
115		湖南金信	670		48		
116		和合期货	659		0		
117		华海期货	626		32		
118		上海东亚	590		80		
119		鑫鼎盛期货	569		398		
120		华创期货	521		64		
121		平安期货	478		47		
122		天富期货	440		-221		
123		文峰期货	424		257		
124		西南期货	411		-168		
125		江信国盛	366		286		
126		第一创业	343		-59		
127		晟鑫期货	332		33		
128		财达期货	332		26		
129		江苏东华	310		185		
130		兴业期货	303		-619		
131		中钢期货	302		-513		
132		国富期货	294		-2,012		
133		首创京都	288		-2,518		
134		道通期货	255		-132		
135		新晟期货	253		40		
136		山金期货	249		-819		
137		华龙期货	239		-15		
138		深圳金汇	203		-166		
139		山西三立	182		85		
140		黑龙江时代	102		98		
141		摩根大通	100		100		
142		东方期货	80		-140		
143		财富期货	78		28		
144		华闻期货	75		-118		
145		通惠期货	37		16		
146		金谷期货	31		-77		
147		新疆天利	17		5		
148		和融期货	4		0		
总计				1,116,278	-124,154	

名次		会员简称	持买单量	增减		
1		华鑫期货	41,423		-7,691		
2		华泰期货	34,856		13,107		
3		弘业期货	27,904		184		
4		新湖期货	21,682		-477		
5		海通期货	21,264		452		
6		永安期货	21,216		218		
7		中粮期货	19,062		2,859		
8		国投期货	13,616		-146		
9		申银万国	12,875		413		
10		招商期货	7,990		-2,364		
11		浙商期货	7,869		-10		
12		银河期货	7,623		-4,032		
13		北京首创	7,354		-1,595		
14		东证期货	6,724		-2,854		
15		格林大华	6,661		247		
16		国泰君安	6,396		-868		
17		中信建投	6,387		282		
18		中信期货	5,777		-789		
19		广永期货	5,370		1,156		
20		金瑞期货	5,332		1,620		
21		万达期货	5,067		-2,637		
22		东航期货	5,063		-4,258		
23		摩根大通	4,994		100		
24		广发期货	4,884		27		
25		方正中期	4,695		512		
26		中大期货	4,570		-267		
27		国海良时	4,184		1,752		
28		鲁证期货	3,503		-177		
29		中国国际	3,372		10		
30		光大期货	3,202		-260		
31		五矿经易	2,438		-6,380		
32		安粮期货	1,992		201		
33		徽商期货	1,985		440		
34		天鸿期货	1,959		60		
35		上海中期	1,959		107		
36		云晨期货	1,742		133		
37		信达期货	1,701		194		
38		兴证期货	1,680		-642		
39		大地期货	1,391		433		
40		长江期货	1,325		225		
41		金元期货	1,247		-25		
42		建信期货	1,229		257		
43		瑞达期货	1,153		-4,225		
44		南华期货	1,153		65		
45		美尔雅期货	1,102		-80		
46		东海期货	1,092		432		
47		北京金鹏	979		230		
48		浙江新世纪	951		-181		
49		红塔期货	924		152		
50		中衍期货	881		-24		
51		一德期货	866		-78		
52		国贸期货	818		-18		
53		中辉期货	818		58		
54		国信期货	746		-22		
55		汇鑫期货	741		19		
56		迈科期货	680		407		
57		德盛期货	634		353		
58		宏源期货	624		30		
59		华安期货	605		-360		
60		津投期货	574		57		
61		英大期货	553		256		
62		国元期货	534		257		
63		首创京都	520		-17		
64		中投期货	519		-528		
65		华创期货	515		96		
66		国富期货	512		2		
67		创元期货	477		219		
68		银建期货	435		-154		
69		华西期货	411		-213		
70		渤海期货	406		-44		
71		集成期货	378		-34		
72		海证期货	364		-57		
73		上海中财	363		11		
74		宝城期货	361		-193		
75		东方汇金	355		-236		
76		中原期货	345		92		
77		华联期货	344		191		
78		锦泰期货	337		166		
79		国联期货	317		-652		
80		东吴期货	310		-12		
81		冠通期货	309		-98		
82		招金期货	306		94		
83		安信期货	292		-64		
84		大有期货	282		-61		
85		大连良运	270		80		
86		海航东银	265		2		
87		大越期货	260		111		
88		国金期货	247		52		
89		国都期货	241		190		
90		金友期货	233		-194		
91		东兴期货	227		-64		
92		长安期货	214		-151		
93		民生期货	205		-26		
94		中航期货	195		96		
95		江西瑞奇	189		-68		
96		平安期货	187		-14		
97		深圳瑞龙	184		-482		
98		西部期货	173		-68		
99		中州期货	170		100		
100		财达期货	168		103		
101		同信久恒	168		-407		
102		华海期货	154		0		
103		恒泰期货	152		94		
104		中钢期货	146		-4		
105		倍特期货	141		-2		
106		华龙期货	138		17		
107		上海大陆	137		89		
108		文峰期货	125		65		
109		山金期货	100		-19		
110		西南期货	87		-2		
111		江苏新纪元	81		5		
112		金石期货	80		11		
113		混沌天成	72		-118		
114		广州期货	70		25		
115		新晟期货	69		0		
116		南证期货	62		21		
117		先融期货	54		-13		
118		神华期货	53		9		
119		兴业期货	48		16		
120		天富期货	48		3		
121		天风期货	47		-67		
122		山西三立	44		23		
123		和合期货	40		-27		
124		鑫鼎盛期货	40		-13		
125		河北恒银	27		-64		
126		华融期货	27		-10		
127		中银国际	26		-50		
128		大通期货	21		11		
129		湖南金信	19		-71		
130		黑龙江时代	19		2		
131		中融汇信	19		-52		
132		华闻期货	18		1		
133		盛达期货	18		-36		
134		江苏东华	13		-39		
135		晟鑫期货	10		-4		
136		金谷期货	8		0		
137		财富期货	5		0		
138		通惠期货	3		0		
139		道通期货	3		-8		
140		深圳金汇	2		-28		
141		铜冠金源	2		-57		
142		第一创业	1		0		
143		上海东亚	1		-13		
144		江信国盛	1		-10		
145		上海浙石	0		-855		
总计				382,276		-16,557		

名次		会员简称	持卖单量	增减		
1		美尔雅期货	36,426		-62		
2		中粮期货	22,009		2,785		
3		海通期货	21,705		-580		
4		北京首创	15,965		2,149		
5		光大期货	15,438		-4,916		
6		申银万国	12,537		-1,323		
7		华泰期货	12,457		-597		
8		国投期货	11,550		-1,220		
9		兴证期货	11,104		789		
10		中信期货	9,152		-4,443		
11		东证期货	9,021		813		
12		国泰君安	8,505		-2,446		
13		东航期货	8,424		-3,960		
14		永安期货	8,217		-306		
15		新湖期货	8,123		538		
16		广发期货	7,687		710		
17		大地期货	7,656		-224		
18		天风期货	7,440		7,180		
19		格林大华	7,401		-3,224		
20		万达期货	6,087		-621		
21		银河期货	4,948		-677		
22		南华期货	4,547		1,685		
23		国联期货	4,392		-246		
24		方正中期	4,249		-1,532		
25		深圳瑞龙	4,223		576		
26		建信期货	3,985		2,759		
27		中国国际	3,890		732		
28		鲁证期货	3,697		-1,991		
29		渤海期货	3,670		1,759		
30		上海中期	3,607		509		
31		东海期货	3,358		643		
32		中航期货	3,242		1,940		
33		财富期货	3,157		78		
34		金瑞期货	2,928		693		
35		天鸿期货	2,671		-28		
36		五矿经易	2,544		-47		
37		徽商期货	2,455		-243		
38		宏源期货	2,298		-2,911		
39		长江期货	2,232		245		
40		浙商期货	2,201		-2,163		
41		国信期货	2,182		256		
42		中信建投	1,936		-265		
43		安粮期货	1,924		198		
44		江西瑞奇	1,920		-64		
45		西部期货	1,897		552		
46		瑞达期货	1,859		196		
47		大通期货	1,825		296		
48		中辉期货	1,792		622		
49		中融汇信	1,787		-3,060		
50		国海良时	1,721		-983		
51		中大期货	1,676		784		
52		招商期货	1,634		-1,397		
53		华安期货	1,578		90		
54		弘业期货	1,568		66		
55		浙江新世纪	1,553		-915		
56		云晨期货	1,545		-88		
57		中投期货	1,536		106		
58		华海期货	1,500		190		
59		中衍期货	1,452		-16		
60		同信久恒	1,396		9		
61		广永期货	1,329		-39		
62		混沌天成	1,275		-311		
63		盛达期货	1,256		233		
64		金石期货	1,171		1,010		
65		道通期货	1,130		-49		
66		一德期货	1,039		-243		
67		冠通期货	1,020		-75		
68		英大期货	929		-431		
69		信达期货	916		-542		
70		长安期货	907		-264		
71		江苏新纪元	884		111		
72		安信期货	821		-1,901		
73		汇鑫期货	812		-42		
74		宝城期货	792		-436		
75		北京金鹏	773		739		
76		南证期货	771		228		
77		恒泰期货	749		238		
78		华融期货	741		-775		
79		创元期货	697		-3		
80		上海东亚	633		107		
81		华西期货	587		35		
82		大越期货	587		-117		
83		铜冠金源	579		417		
84		东吴期货	546		13		
85		新疆天利	528		-9		
86		国贸期货	512		43		
87		首创京都	511		29		
88		国都期货	511		-169		
89		锦泰期货	479		52		
90		国金期货	423		-197		
91		东方汇金	410		-1,015		
92		倍特期货	391		104		
93		国元期货	389		-8		
94		广州期货	379		-747		
95		迈科期货	357		-110		
96		大有期货	347		-118		
97		招金期货	334		-625		
98		上海中财	291		56		
99		大连良运	288		-14		
100		华鑫期货	286		-27		
101		山金期货	277		66		
102		上海大陆	276		113		
103		西南期货	273		219		
104		海航东银	250		201		
105		和合期货	244		64		
106		民生期货	231		27		
107		华联期货	228		31		
108		金友期货	222		-20		
109		红塔期货	220		-464		
110		江信国盛	207		168		
111		湖南金信	198		-37		
112		金元期货	196		1		
113		山西三立	155		43		
114		中原期货	153		17		
115		东兴期货	147		28		
116		神华期货	146		-21		
117		德盛期货	145		-258		
118		天富期货	143		17		
119		中银国际	138		-212		
120		先融期货	129		-3		
121		银建期货	115		71		
122		深圳金汇	112		47		
123		国富期货	110		-234		
124		集成期货	98		-18		
125		中钢期货	93		-84		
126		河北恒银	84		-359		
127		海证期货	84		37		
128		中州期货	81		-458		
129		津投期货	79		-6		
130		华创期货	71		-5		
131		上海浙石	70		70		
132		华龙期货	63		14		
133		文峰期货	48		1		
134		新晟期货	48		33		
135		财达期货	40		3		
136		金谷期货	39		29		
137		晟鑫期货	36		-2		
138		第一创业	32		3		
139		华闻期货	31		0		
140		鑫鼎盛期货	25		-40		
141		兴业期货	25		-1		
142		平安期货	23		-38		
143		黑龙江时代	14		10		
144		江苏东华	8		-59		
145		和融期货	6		2		
146		通惠期货	4		-21		
147		东方期货	0		-80		
总计				382,276		-16,557		



会员类别	总成交量	增减		
期货公司会员	1,116,278	-124,154	
非期货公司会员	0		0		

会员类别	总持买单量	增减		
期货公司会员	382,276		-16,557		
非期货公司会员	0		0		

会员类别	总持卖单量	增减		
期货公司会员	382,276		-16,557		
非期货公司会员	0		0		

