								大连商品交易所 成交量_买持仓_卖持仓排名	

品种代码：cs		Date：20150320	

			期货公司会员	

名次		会员简称	成交量		增减		
1		东航期货	4,374		1,331		
2		南华期货	3,753		1,717		
3		申银万国	2,687		901		
4		光大期货	2,217		1,426		
5		徽商期货	2,149		477		
6		方正中期	1,908		56		
7		中信建投	1,830		1,243		
8		新湖期货	1,720		-418		
9		中衍期货	1,593		-748		
10		永安期货	1,451		-1,245		
11		集成期货	1,433		574		
12		中国国际	1,395		37		
13		宏源期货	1,370		617		
14		安粮期货	1,269		271		
15		江西瑞奇	1,158		1,016		
16		弘业期货	1,143		-1,322		
17		中银国际	1,100		256		
18		银河期货	1,071		-188		
19		中辉期货	1,014		501		
20		兴证期货	934		653		
21		国泰君安	925		-378		
22		海通期货	922		-127		
23		广发期货	901		-630		
24		津投期货	878		222		
25		东方汇金	837		241		
26		万达期货	800		104		
27		国海良时	796		223		
28		文峰期货	762		193		
29		北京首创	759		-677		
30		一德期货	754		-217		
31		长江期货	741		63		
32		浙商期货	709		34		
33		中粮期货	703		-282		
34		东证期货	629		12		
35		鲁证期货	626		77		
36		首创京都	618		538		
37		中信期货	617		255		
38		东吴期货	613		-11		
39		瑞达期货	602		248		
40		上海中期	601		-34		
41		同信久恒	581		203		
42		金石期货	577		526		
43		国联期货	575		-131		
44		招商期货	564		-32		
45		美尔雅期货	552		-481		
46		国投期货	489		-67		
47		宝城期货	455		-50		
48		金友期货	455		288		
49		深圳瑞龙	449		115		
50		国信期货	380		38		
51		安信期货	369		91		
52		英大期货	351		16		
53		信达期货	339		96		
54		河北恒银	331		109		
55		神华期货	316		165		
56		先融期货	311		203		
57		中大期货	292		-165		
58		华泰长城	283		-355		
59		格林大华	275		-81		
60		国贸期货	268		-75		
61		长安期货	255		153		
62		湖南金信	253		112		
63		天风期货	245		170		
64		大地期货	241		132		
65		东海期货	236		69		
66		冠通期货	229		80		
67		华鑫期货	219		-5		
68		金元期货	213		-166		
69		大越期货	213		-354		
70		江苏新纪元	209		-45		
71		倍特期货	200		121		
72		国金期货	197		47		
73		上海中财	195		54		
74		渤海期货	194		31		
75		中投期货	192		0		
76		华安期货	192		-45		
77		汇鑫期货	183		77		
78		北京金鹏	180		137		
79		德盛期货	179		59		
80		金瑞期货	150		32		
81		创元期货	142		24		
82		和合期货	135		-57		
83		中州期货	131		1		
84		锦泰期货	126		86		
85		民生期货	124		12		
86		平安期货	124		26		
87		海航东银	123		-17		
88		大有期货	121		-54		
89		南证期货	119		2		
90		晟鑫期货	116		4		
91		华创期货	113		46		
92		红塔期货	111		-86		
93		国富期货	110		104		
94		混沌天成	109		20		
95		招金期货	104		48		
96		广州期货	103		18		
97		华联期货	91		26		
98		恒泰期货	90		-254		
99		国元期货	85		23		
100		第一创业	80		76		
101		浙江新世纪	80		-108		
102		建信期货	79		-42		
103		西部期货	74		-25		
104		五矿期货	71		-84		
105		中航期货	70		28		
106		上海东亚	60		53		
107		江信国盛	56		-9		
108		东兴期货	56		4		
109		上海大陆	55		-55		
110		中钢期货	51		3		
111		银建期货	49		-10		
112		铜冠金源	48		20		
113		山西三立	45		-82		
114		中原期货	44		-145		
115		国都期货	43		-25		
116		华闻期货	42		18		
117		广永期货	41		-279		
118		华西期货	23		2		
119		鑫鼎盛期货	23		-23		
120		迈科期货	23		-56		
121		大连良运	23		-46		
122		深圳金汇	23		-13		
123		华融期货	22		21		
124		财达期货	19		-2		
125		新晟期货	19		15		
126		山金期货	18		13		
127		天富期货	16		-7		
128		金谷期货	13		10		
129		道通期货	13		-97		
130		云晨期货	11		-12		
131		中融汇信	10		5		
132		华龙期货	9		-3		
133		海证期货	9		-12		
134		兴业期货	7		0		
135		盛达期货	7		3		
136		江苏东华	2		-43		
137		大通期货	2		-253		
138		天鸿期货	2		-38		
139		西南期货	2		-2		
140		上海通联	1		1		
141		上海浙石	1		1		
总计				66,268		6,855		

名次		会员简称	持买单量	增减		
1		东证期货	3,327		46		
2		永安期货	2,578		203		
3		安粮期货	1,736		285		
4		新湖期货	1,663		-186		
5		国信期货	1,538		-13		
6		光大期货	1,446		-57		
7		方正中期	1,216		71		
8		海通期货	1,150		-6		
9		宏源期货	707		426		
10		宝城期货	677		108		
11		浙商期货	660		18		
12		南华期货	654		104		
13		中国国际	645		-6		
14		国海良时	570		-14		
15		万达期货	566		53		
16		国联期货	551		-134		
17		东航期货	541		48		
18		大越期货	533		0		
19		上海中期	462		158		
20		广发期货	455		31		
21		鲁证期货	398		-27		
22		恒泰期货	377		-49		
23		国投期货	360		-5		
24		国泰君安	349		51		
25		银河期货	343		-137		
26		中信期货	321		55		
27		中粮期货	318		-42		
28		冠通期货	317		-45		
29		申银万国	310		-385		
30		中辉期货	286		43		
31		兴证期货	261		23		
32		上海浙石	241		1		
33		弘业期货	238		150		
34		长江期货	225		85		
35		东海期货	214		103		
36		东方汇金	204		-115		
37		海航东银	180		-2		
38		美尔雅期货	170		-97		
39		东吴期货	167		-108		
40		上海中财	161		123		
41		浙江新世纪	153		16		
42		徽商期货	152		-20		
43		招金期货	146		9		
44		广州期货	145		16		
45		中信建投	143		-52		
46		华泰长城	138		8		
47		一德期货	133		61		
48		汇鑫期货	133		0		
49		中衍期货	132		45		
50		渤海期货	123		-20		
51		创元期货	123		-9		
52		神华期货	98		7		
53		国金期货	97		-24		
54		中投期货	92		-1		
55		大地期货	86		38		
56		南证期货	81		-18		
57		信达期货	77		7		
58		津投期货	65		-37		
59		华安期货	63		2		
60		金石期货	63		47		
61		金瑞期货	61		-10		
62		江苏新纪元	61		10		
63		海证期货	60		5		
64		英大期货	54		30		
65		金元期货	54		4		
66		格林大华	53		-5		
67		建信期货	53		0		
68		华西期货	52		2		
69		国都期货	51		8		
70		大有期货	50		40		
71		深圳瑞龙	49		6		
72		五矿期货	48		-3		
73		中大期货	47		38		
74		中原期货	42		0		
75		深圳金汇	40		0		
76		大连良运	39		-1		
77		华鑫期货	36		1		
78		德盛期货	36		33		
79		北京金鹏	34		2		
80		民生期货	34		-1		
81		先融期货	34		30		
82		迈科期货	34		4		
83		和合期货	32		21		
84		混沌天成	30		5		
85		江西瑞奇	30		1		
86		北京首创	28		0		
87		倍特期货	23		5		
88		国贸期货	23		-7		
89		安信期货	23		-52		
90		红塔期货	23		0		
91		同信久恒	23		-29		
92		天富期货	22		7		
93		华海期货	20		0		
94		兴业期货	17		1		
95		中州期货	15		1		
96		招商期货	15		-50		
97		银建期货	15		-3		
98		长安期货	15		1		
99		首创京都	14		13		
100		中钢期货	14		1		
101		上海东亚	13		-60		
102		中航期货	13		-1		
103		金友期货	13		3		
104		天风期货	13		3		
105		中融汇信	12		0		
106		上海大陆	11		-12		
107		华联期货	10		2		
108		中银国际	10		0		
109		瑞达期货	9		-33		
110		江苏东华	9		0		
111		铜冠金源	8		4		
112		山西三立	7		0		
113		平安期货	7		-1		
114		锦泰期货	7		0		
115		财达期货	6		0		
116		湖南金信	5		-9		
117		集成期货	5		0		
118		华龙期货	5		1		
119		大通期货	5		0		
120		上海通联	4		0		
121		广永期货	4		2		
122		新晟期货	4		2		
123		道通期货	3		1		
124		国元期货	3		0		
125		西南期货	3		1		
126		东兴期货	3		-3		
127		华闻期货	2		2		
128		华融期货	2		0		
129		鑫鼎盛期货	2		0		
130		华创期货	1		1		
131		晟鑫期货	0		-1		
132		河北恒银	0		-2		
133		盛达期货	0		-1		
总计				30,961		839		

名次		会员简称	持卖单量	增减		
1		国投期货	5,532		44		
2		永安期货	2,075		8		
3		中粮期货	1,996		-77		
4		弘业期货	1,485		197		
5		方正中期	1,361		73		
6		中衍期货	1,324		-122		
7		广发期货	871		106		
8		东航期货	758		-20		
9		北京首创	712		137		
10		国泰君安	650		-116		
11		中国国际	625		-7		
12		银河期货	613		24		
13		中信期货	612		-4		
14		光大期货	494		80		
15		新湖期货	488		0		
16		海通期货	476		58		
17		徽商期货	433		51		
18		一德期货	409		31		
19		天风期货	391		112		
20		申银万国	383		20		
21		文峰期货	352		200		
22		兴证期货	324		43		
23		中辉期货	300		101		
24		东证期货	300		53		
25		国信期货	285		-81		
26		万达期货	284		41		
27		大越期货	255		45		
28		宝城期货	251		85		
29		安粮期货	251		-78		
30		鲁证期货	247		-3		
31		上海中期	242		-69		
32		长江期货	239		36		
33		宏源期货	227		-54		
34		冠通期货	221		-64		
35		海航东银	217		23		
36		格林大华	216		-70		
37		中信建投	207		72		
38		金友期货	205		14		
39		安信期货	188		-21		
40		信达期货	171		-8		
41		东吴期货	167		65		
42		美尔雅期货	166		9		
43		浙商期货	158		-37		
44		瑞达期货	154		13		
45		南华期货	152		-61		
46		招商期货	138		4		
47		渤海期货	136		18		
48		国海良时	136		-30		
49		倍特期货	121		85		
50		锦泰期货	118		0		
51		深圳瑞龙	118		15		
52		华泰长城	116		-23		
53		中大期货	113		36		
54		国联期货	112		55		
55		江西瑞奇	108		-21		
56		海证期货	100		0		
57		中州期货	98		30		
58		津投期货	90		-1		
59		五矿期货	82		-24		
60		东海期货	75		-1		
61		华联期货	72		19		
62		华鑫期货	70		38		
63		东方汇金	69		-38		
64		神华期货	65		-11		
65		金石期货	64		42		
66		英大期货	59		1		
67		大有期货	58		5		
68		大地期货	56		5		
69		集成期货	54		3		
70		华创期货	54		4		
71		中原期货	51		18		
72		国都期货	50		17		
73		德盛期货	47		-8		
74		汇鑫期货	44		7		
75		晟鑫期货	44		15		
76		江苏新纪元	43		1		
77		恒泰期货	40		5		
78		中投期货	38		-61		
79		南证期货	38		11		
80		华安期货	36		8		
81		中银国际	35		14		
82		国元期货	33		-1		
83		金瑞期货	33		-6		
84		华西期货	32		13		
85		招金期货	32		-3		
86		创元期货	31		25		
87		民生期货	31		-3		
88		国贸期货	31		-7		
89		东兴期货	31		5		
90		国金期货	30		-5		
91		建信期货	25		3		
92		天富期货	24		-3		
93		广永期货	22		11		
94		西部期货	22		0		
95		云晨期货	21		7		
96		广州期货	19		-3		
97		道通期货	19		-6		
98		金谷期货	18		5		
99		上海中财	18		6		
100		和合期货	17		-48		
101		中航期货	16		-3		
102		大连良运	15		0		
103		江苏东华	15		2		
104		混沌天成	15		0		
105		鑫鼎盛期货	14		3		
106		平安期货	14		1		
107		湖南金信	12		2		
108		银建期货	11		8		
109		上海大陆	11		1		
110		山金期货	11		6		
111		河北恒银	10		-149		
112		铜冠金源	10		10		
113		先融期货	9		-31		
114		迈科期货	9		-5		
115		中钢期货	9		0		
116		华龙期货	8		0		
117		财达期货	7		-11		
118		北京金鹏	7		-10		
119		红塔期货	7		-5		
120		金元期货	6		-3		
121		山西三立	6		-33		
122		中融汇信	5		0		
123		西南期货	5		1		
124		新晟期货	4		1		
125		浙江新世纪	4		2		
126		首创京都	3		-1		
127		盛达期货	3		0		
128		天鸿期货	2		2		
129		兴业期货	2		2		
130		深圳金汇	2		1		
131		大通期货	1		0		
132		同信久恒	1		-30		
133		华融期货	1		0		
134		华闻期货	1		0		
135		上海通联	1		1		
总计				30,961		839		



会员类别	总成交量	增减		
期货公司会员	66,268		6,855		
非期货公司会员	0		0		

会员类别	总持买单量	增减		
期货公司会员	30,961		839		
非期货公司会员	0		0		

会员类别	总持卖单量	增减		
期货公司会员	30,961		839		
非期货公司会员	0		0		

