								大连商品交易所 成交量_买持仓_卖持仓排名	

品种代码：cs		Date：20150623	

			期货公司会员	

名次		会员简称	成交量		增减		
1		兴证期货	1,062		498		
2		新湖期货	969		271		
3		中国国际	656		322		
4		东航期货	525		92		
5		集成期货	504		414		
6		北京首创	483		468		
7		南华期货	475		327		
8		永安期货	474		150		
9		徽商期货	460		217		
10		津投期货	442		83		
11		光大期货	355		207		
12		方正中期	339		-239		
13		鲁证期货	336		-23		
14		中粮期货	291		231		
15		中融汇信	272		-34		
16		银河期货	271		6		
17		长江期货	270		93		
18		宝城期货	266		220		
19		东证期货	264		39		
20		国泰君安	255		134		
21		中衍期货	253		-68		
22		华安期货	246		92		
23		上海中期	237		209		
24		华泰期货	232		108		
25		弘业期货	215		135		
26		万达期货	204		-1		
27		国信期货	200		132		
28		一德期货	170		67		
29		中信期货	168		-183		
30		申银万国	154		-29		
31		安粮期货	154		92		
32		天风期货	144		-223		
33		中辉期货	142		24		
34		江信国盛	137		129		
35		广发期货	127		110		
36		中信建投	117		13		
37		先融期货	114		0		
38		浙商期货	114		9		
39		格林大华	113		104		
40		国联期货	109		46		
41		摩根大通	108		57		
42		东吴期货	104		89		
43		江苏新纪元	104		85		
44		恒泰期货	92		17		
45		海通期货	92		51		
46		国海良时	91		-84		
47		首创京都	91		5		
48		平安期货	75		31		
49		信达期货	72		63		
50		建信期货	61		39		
51		安信期货	59		49		
52		国投期货	55		-487		
53		五矿期货	53		45		
54		东兴期货	53		53		
55		招商期货	51		-10		
56		招金期货	51		32		
57		美尔雅期货	50		-43		
58		西南期货	48		43		
59		国贸期货	47		3		
60		金元期货	47		0		
61		江西瑞奇	45		24		
62		浙江新世纪	44		16		
63		宏源期货	40		5		
64		山西三立	36		35		
65		冠通期货	33		28		
66		国元期货	33		8		
67		上海中财	32		29		
68		湖南金信	30		-9		
69		金友期货	28		19		
70		东方汇金	27		-9		
71		西部期货	25		-39		
72		金瑞期货	23		12		
73		中投期货	23		-24		
74		德盛期货	20		1		
75		上海东亚	20		0		
76		晟鑫期货	20		20		
77		新晟期货	20		20		
78		迈科期货	19		16		
79		中原期货	19		9		
80		华鑫期货	19		-16		
81		红塔期货	17		7		
82		上海大陆	16		13		
83		英大期货	16		-28		
84		华联期货	16		0		
85		锦泰期货	15		-2		
86		倍特期货	14		2		
87		华融期货	14		12		
88		中州期货	13		-5		
89		大有期货	13		13		
90		深圳瑞龙	12		6		
91		广州期货	11		3		
92		华龙期货	11		-1		
93		渤海期货	10		-39		
94		瑞达期货	10		-15		
95		东海期货	10		10		
96		南证期货	9		-48		
97		民生期货	9		5		
98		中大期货	9		-16		
99		中航期货	8		6		
100		道通期货	8		8		
101		创元期货	8		1		
102		国都期货	8		1		
103		华西期货	7		5		
104		大连良运	6		1		
105		第一创业	6		4		
106		国金期货	6		0		
107		神华期货	5		0		
108		江苏东华	5		-2		
109		大越期货	4		2		
110		铜冠金源	4		4		
111		金石期货	3		-13		
112		财达期货	3		0		
113		文峰期货	3		1		
114		银建期货	3		-1		
115		和合期货	3		-2		
116		云晨期货	2		1		
117		天富期货	2		2		
118		天鸿期货	2		0		
119		汇鑫期货	2		0		
120		华创期货	2		-4		
121		中钢期货	2		-1		
122		混沌天成	2		2		
123		海证期货	1		-3		
124		海航东银	1		-8		
125		长安期货	1		1		
126		同信久恒	1		1		
总计				14,612		4,348		

名次		会员简称	持买单量	增减		
1		国投期货	3,671		3		
2		中粮期货	3,194		-2		
3		南华期货	2,041		74		
4		摩根大通	1,477		98		
5		国信期货	1,445		-74		
6		海航东银	845		1		
7		万达期货	829		41		
8		北京首创	828		-296		
9		中信期货	602		7		
10		永安期货	558		-31		
11		江苏新纪元	513		-99		
12		新湖期货	442		93		
13		中国国际	401		-355		
14		方正中期	357		-17		
15		银河期货	274		13		
16		光大期货	260		7		
17		鲁证期货	259		29		
18		徽商期货	251		-25		
19		东证期货	189		-199		
20		津投期货	179		103		
21		长江期货	167		109		
22		中信建投	156		-7		
23		上海中期	143		4		
24		广发期货	125		36		
25		东吴期货	124		-25		
26		金友期货	117		16		
27		东航期货	108		40		
28		东海期货	106		2		
29		东方汇金	106		12		
30		平安期货	101		4		
31		大有期货	100		0		
32		银建期货	87		-2		
33		瑞达期货	80		3		
34		天富期货	80		2		
35		信达期货	65		-44		
36		华泰期货	59		-14		
37		国海良时	57		38		
38		海通期货	56		8		
39		国联期货	55		0		
40		浙商期货	54		-35		
41		宏源期货	54		1		
42		弘业期货	53		-5		
43		申银万国	52		4		
44		中辉期货	45		11		
45		浙江新世纪	42		1		
46		国泰君安	40		-20		
47		国贸期货	38		15		
48		兴证期货	37		-1		
49		安粮期货	36		5		
50		恒泰期货	36		-28		
51		中衍期货	32		3		
52		西南期货	31		30		
53		安信期货	31		20		
54		中原期货	21		-3		
55		深圳金汇	18		0		
56		招商期货	17		-3		
57		美尔雅期货	17		0		
58		一德期货	15		0		
59		金石期货	14		2		
60		国金期货	14		4		
61		中大期货	13		6		
62		招金期货	13		-30		
63		宝城期货	13		1		
64		华龙期货	12		3		
65		神华期货	11		2		
66		华联期货	11		4		
67		文峰期货	10		0		
68		东方期货	10		0		
69		云晨期货	10		-1		
70		格林大华	10		1		
71		五矿期货	9		8		
72		深圳瑞龙	9		1		
73		国都期货	8		3		
74		中投期货	8		0		
75		华闻期货	7		0		
76		倍特期货	7		1		
77		天鸿期货	6		1		
78		华鑫期货	6		-1		
79		大连良运	6		1		
80		华西期货	5		5		
81		德盛期货	5		0		
82		中融汇信	5		-5		
83		河北恒银	5		0		
84		华安期货	5		3		
85		集成期货	5		1		
86		英大期货	4		0		
87		江西瑞奇	4		0		
88		财达期货	4		1		
89		晟鑫期货	4		0		
90		建信期货	4		3		
91		广州期货	3		2		
92		东兴期货	3		-29		
93		新晟期货	3		-2		
94		国元期货	3		2		
95		上海大陆	3		-4		
96		先融期货	2		2		
97		和合期货	2		0		
98		渤海期货	2		1		
99		冠通期货	2		-9		
100		红塔期货	2		-1		
101		中州期货	2		0		
102		江苏东华	2		-3		
103		中航期货	2		2		
104		湖南金信	2		2		
105		上海中财	2		2		
106		华融期货	2		0		
107		山西三立	2		-1		
108		广永期货	2		0		
109		南证期货	2		0		
110		兴业期货	2		0		
111		大地期货	1		0		
112		金元期货	1		0		
113		创元期货	1		-8		
114		迈科期货	1		-2		
115		中银国际	1		0		
116		华创期货	1		0		
117		金瑞期货	1		-1		
118		海证期货	0		-1		
119		民生期货	0		-2		
120		第一创业	0		-1		
总计				21,485		-489		

名次		会员简称	持卖单量	增减		
1		永安期货	4,951		99		
2		首创京都	2,079		91		
3		方正中期	1,374		-170		
4		光大期货	1,255		-126		
5		海航东银	843		0		
6		广发期货	795		-13		
7		格林大华	738		2		
8		东航期货	737		-127		
9		新湖期货	693		24		
10		国投期货	676		-42		
11		中国国际	603		-25		
12		中投期货	537		9		
13		中信期货	462		15		
14		鲁证期货	289		93		
15		天风期货	257		-6		
16		中粮期货	242		219		
17		上海中期	221		-121		
18		华安期货	186		167		
19		北京首创	173		-175		
20		东证期货	171		-45		
21		万达期货	168		-21		
22		南华期货	162		9		
23		东吴期货	160		9		
24		国泰君安	160		-23		
25		徽商期货	146		59		
26		江西瑞奇	145		27		
27		大连良运	135		-3		
28		国联期货	133		-79		
29		宏源期货	118		-7		
30		冠通期货	113		10		
31		浙商期货	112		5		
32		华泰期货	110		6		
33		国信期货	103		-52		
34		西部期货	102		-3		
35		宝城期货	97		1		
36		铜冠金源	91		0		
37		海通期货	89		-34		
38		中辉期货	85		-49		
39		招商期货	85		-2		
40		金友期货	85		6		
41		国海良时	85		1		
42		英大期货	83		-8		
43		美尔雅期货	75		-26		
44		申银万国	74		-14		
45		天富期货	74		0		
46		大越期货	70		0		
47		云晨期货	67		1		
48		深圳瑞龙	61		-5		
49		五矿期货	56		9		
50		中衍期货	53		-14		
51		银河期货	52		-22		
52		一德期货	51		-50		
53		大地期货	50		0		
54		津投期货	46		39		
55		中融汇信	45		-5		
56		倍特期货	43		-3		
57		汇鑫期货	43		0		
58		中信建投	42		-32		
59		弘业期货	37		-12		
60		江苏新纪元	35		1		
61		国都期货	35		1		
62		新晟期货	31		-8		
63		金石期货	29		-1		
64		招金期货	28		1		
65		东方汇金	25		9		
66		中银国际	25		0		
67		中原期货	21		0		
68		锦泰期货	21		3		
69		上海东亚	20		0		
70		国金期货	20		0		
71		第一创业	20		-3		
72		信达期货	18		-4		
73		长江期货	18		-13		
74		红塔期货	17		16		
75		东兴期货	17		16		
76		集成期货	15		3		
77		创元期货	15		0		
78		文峰期货	15		1		
79		晟鑫期货	14		14		
80		安信期货	14		-1		
81		兴证期货	14		-7		
82		神华期货	13		1		
83		上海大陆	13		6		
84		湖南金信	13		2		
85		瑞达期货	13		-1		
86		国元期货	12		11		
87		广州期货	12		-5		
88		金瑞期货	11		2		
89		迈科期货	11		-1		
90		金元期货	10		-1		
91		中大期货	9		1		
92		上海中财	9		0		
93		建信期货	9		-4		
94		民生期货	9		-1		
95		浙江新世纪	7		-1		
96		安粮期货	7		1		
97		恒泰期货	6		0		
98		华西期货	6		0		
99		华创期货	5		-2		
100		大有期货	5		5		
101		江信国盛	5		-39		
102		混沌天成	4		0		
103		华龙期货	4		0		
104		北京金鹏	4		0		
105		东海期货	4		-4		
106		中钢期货	3		0		
107		长安期货	3		-1		
108		华鑫期货	3		-6		
109		南证期货	3		-1		
110		平安期货	2		-5		
111		渤海期货	2		1		
112		华联期货	2		-4		
113		德盛期货	2		-8		
114		西南期货	1		0		
115		山西三立	1		-31		
116		和合期货	1		-1		
117		国贸期货	1		-16		
118		深圳金汇	1		0		
119		上海通联	1		0		
120		天鸿期货	1		-1		
121		中州期货	1		-1		
122		银建期货	1		1		
123		同信久恒	0		-1		
总计				21,485		-489		



会员类别	总成交量	增减		
期货公司会员	14,612		4,348		
非期货公司会员	0		0		

会员类别	总持买单量	增减		
期货公司会员	21,485		-489		
非期货公司会员	0		0		

会员类别	总持卖单量	增减		
期货公司会员	21,485		-489		
非期货公司会员	0		0		

