								大连商品交易所 成交量_买持仓_卖持仓排名	

品种代码：cs		Date：20150205	

			期货公司会员	

名次		会员简称	成交量		增减		
1		徽商期货	5,630		4,843		
2		东航期货	3,639		2,602		
3		中粮期货	2,010		1,881		
4		银河期货	1,955		1,632		
5		中衍期货	1,949		1,420		
6		申银万国	1,768		1,563		
7		中国国际	1,747		996		
8		方正中期	1,732		1,609		
9		光大期货	1,596		1,253		
10		中信期货	1,459		1,045		
11		华泰长城	1,429		1,272		
12		金瑞期货	1,396		1,278		
13		国泰君安	1,373		1,222		
14		海通期货	1,194		1,033		
15		广发期货	1,189		1,053		
16		华安期货	993		750		
17		永安期货	968		504		
18		先融期货	910		879		
19		大地期货	887		817		
20		一德期货	868		768		
21		万达期货	845		729		
22		津投期货	805		412		
23		金元期货	791		616		
24		美尔雅期货	763		691		
25		弘业期货	719		628		
26		鲁证期货	717		598		
27		中信建投	703		495		
28		安粮期货	699		452		
29		南华期货	699		613		
30		浙商期货	697		493		
31		国信期货	666		374		
32		广永期货	643		628		
33		宏源期货	634		557		
34		长江期货	620		509		
35		国海良时	615		494		
36		兴证期货	610		498		
37		东海期货	608		594		
38		渤海期货	602		419		
39		国贸期货	574		522		
40		英大期货	565		523		
41		恒泰期货	561		487		
42		招商期货	551		325		
43		上海中期	548		417		
44		深圳瑞龙	489		410		
45		安信期货	485		384		
46		汇鑫期货	464		413		
47		国联期货	449		421		
48		浙江新世纪	431		310		
49		中辉期货	406		212		
50		国投期货	394		316		
51		江苏新纪元	363		324		
52		北京首创	343		165		
53		宝城期货	328		272		
54		招金期货	320		121		
55		锦泰期货	298		263		
56		格林大华	280		211		
57		集成期货	268		229		
58		新湖期货	254		219		
59		东证期货	251		164		
60		东方汇金	245		216		
61		冠通期货	234		194		
62		建信期货	233		133		
63		中航期货	233		219		
64		华联期货	231		188		
65		天富期货	218		175		
66		大连良运	218		154		
67		金友期货	200		123		
68		红塔期货	198		184		
69		神华期货	191		141		
70		江西瑞奇	186		164		
71		信达期货	179		47		
72		民生期货	176		162		
73		瑞达期货	173		158		
74		上海东亚	162		162		
75		中投期货	160		86		
76		东兴期货	152		114		
77		同信久恒	149		136		
78		东吴期货	147		79		
79		华西期货	143		132		
80		中州期货	139		126		
81		北京金鹏	137		115		
82		德盛期货	132		55		
83		海航东银	126		86		
84		混沌天成	125		100		
85		中原期货	121		102		
86		五矿期货	119		106		
87		金石期货	114		100		
88		和合期货	112		17		
89		国都期货	111		107		
90		浙江中大	110		65		
91		倍特期货	110		99		
92		天风期货	109		33		
93		创元期货	108		-30		
94		首创京都	101		97		
95		南证期货	97		97		
96		河北恒银	87		72		
97		大有期货	80		32		
98		广州期货	72		64		
99		国金期货	70		34		
100		国元期货	64		61		
101		大越期货	56		56		
102		上海大陆	50		50		
103		第一创业	44		44		
104		晟鑫期货	43		36		
105		上海中财	39		18		
106		兴业期货	39		20		
107		国富期货	37		37		
108		上海浙石	37		29		
109		华融期货	37		34		
110		财达期货	34		30		
111		长安期货	32		26		
112		道通期货	32		-6		
113		华龙期货	32		31		
114		海证期货	31		15		
115		江苏东华	30		29		
116		铜冠金源	30		-50		
117		华创期货	30		20		
118		盛达期货	27		23		
119		新晟期货	27		26		
120		山西三立	26		-5		
121		中银国际	24		20		
122		新疆天利	21		21		
123		深圳金汇	18		18		
124		湖南金信	17		17		
125		西部期货	17		-7		
126		迈科期货	16		-5		
127		山金期货	16		10		
128		银建期货	16		16		
129		天鸿期货	15		15		
130		文峰期货	14		2		
131		中融汇信	12		11		
132		华闻期货	10		10		
133		和融期货	10		-6		
134		大通期货	8		-3		
135		平安期货	7		-4		
136		中钢期货	7		5		
137		云晨期货	5		-27		
138		华鑫期货	5		2		
139		鑫鼎盛期货	5		5		
140		金谷期货	4		4		
141		上海通联	2		2		
142		西南期货	2		2		
总计				62,786		50,004		

名次		会员简称	持买单量	增减		
1		中粮期货	982		306		
2		光大期货	744		424		
3		方正中期	737		131		
4		一德期货	717		647		
5		东航期货	459		375		
6		安粮期货	429		-145		
7		新湖期货	415		-16		
8		国投期货	411		-24		
9		永安期货	409		238		
10		上海中期	390		108		
11		浙商期货	365		83		
12		中国国际	362		-176		
13		银河期货	309		133		
14		万达期货	292		181		
15		中信期货	264		73		
16		海航东银	264		6		
17		华泰长城	246		132		
18		国海良时	244		27		
19		广发期货	238		60		
20		北京首创	236		115		
21		津投期货	234		-69		
22		宝城期货	224		24		
23		申银万国	218		25		
24		鲁证期货	192		76		
25		国泰君安	178		40		
26		弘业期货	177		101		
27		南华期货	170		1		
28		渤海期货	166		44		
29		建信期货	162		16		
30		海通期货	150		-33		
31		徽商期货	138		47		
32		中衍期货	126		93		
33		江苏新纪元	124		104		
34		国联期货	123		40		
35		冠通期货	121		113		
36		招商期货	113		2		
37		长江期货	103		83		
38		宏源期货	89		11		
39		东证期货	87		3		
40		中信建投	75		16		
41		国贸期货	62		54		
42		南证期货	61		-44		
43		首创京都	60		13		
44		东吴期货	60		20		
45		广永期货	60		-250		
46		中航期货	51		3		
47		江西瑞奇	50		24		
48		中辉期货	46		8		
49		安信期货	46		13		
50		格林大华	42		14		
51		神华期货	42		0		
52		国金期货	41		4		
53		上海东亚	40		0		
54		混沌天成	40		15		
55		华西期货	39		4		
56		大连良运	36		5		
57		大地期货	35		5		
58		锦泰期货	35		10		
59		广州期货	35		-1		
60		国信期货	34		-204		
61		英大期货	33		-23		
62		迈科期货	32		0		
63		金瑞期货	31		5		
64		天富期货	29		0		
65		兴证期货	28		-6		
66		中投期货	27		-18		
67		招金期货	25		23		
68		五矿期货	25		18		
69		东方汇金	21		5		
70		恒泰期货	20		-17		
71		同信久恒	20		19		
72		东海期货	19		2		
73		美尔雅期货	18		-40		
74		河北恒银	14		9		
75		金元期货	12		-8		
76		华安期货	12		1		
77		中融汇信	12		0		
78		金友期货	11		2		
79		国元期货	10		8		
80		大有期货	10		9		
81		铜冠金源	10		10		
82		华联期货	10		9		
83		上海浙石	9		-1		
84		长安期货	8		8		
85		倍特期货	8		4		
86		深圳瑞龙	8		-2		
87		深圳金汇	6		0		
88		浙江中大	6		6		
89		金石期货	6		5		
90		海证期货	6		6		
91		上海大陆	6		0		
92		财达期货	6		0		
93		中钢期货	6		3		
94		西部期货	5		5		
95		晟鑫期货	5		5		
96		山西三立	5		3		
97		新晟期货	5		3		
98		集成期货	5		0		
99		云晨期货	4		0		
100		信达期货	4		0		
101		汇鑫期货	4		2		
102		天风期货	4		1		
103		大通期货	3		-2		
104		瑞达期货	3		2		
105		天鸿期货	3		3		
106		盛达期货	3		3		
107		湖南金信	2		1		
108		江苏东华	2		2		
109		大越期货	2		2		
110		上海通联	2		2		
111		中银国际	2		2		
112		华创期货	2		2		
113		平安期货	2		1		
114		上海中财	2		0		
115		兴业期货	2		2		
116		中州期货	1		1		
117		和合期货	1		0		
118		中原期货	1		0		
119		国都期货	1		1		
120		民生期货	1		-4		
121		浙江新世纪	0		-7		
122		国富期货	0		-37		
123		先融期货	0		-5		
124		文峰期货	0		-4		
125		鑫鼎盛期货	0		-2		
总计				12,978		3,127		

名次		会员简称	持卖单量	增减		
1		永安期货	1,371		214		
2		中粮期货	859		156		
3		中信建投	845		11		
4		东航期货	717		284		
5		银河期货	705		286		
6		国投期货	629		300		
7		新湖期货	592		30		
8		光大期货	584		122		
9		华泰长城	501		259		
10		徽商期货	332		219		
11		广发期货	296		115		
12		海航东银	278		0		
13		英大期货	225		172		
14		海通期货	222		-9		
15		国泰君安	221		9		
16		中信期货	195		-2		
17		招商期货	193		31		
18		上海中期	192		66		
19		国信期货	173		132		
20		中衍期货	170		0		
21		广州期货	150		-1		
22		万达期货	131		76		
23		中辉期货	129		20		
24		安信期货	128		90		
25		方正中期	124		-37		
26		东证期货	120		16		
27		鲁证期货	115		-3		
28		北京首创	109		40		
29		建信期货	106		-9		
30		浙商期货	105		44		
31		金友期货	103		42		
32		长江期货	102		11		
33		华安期货	99		52		
34		中国国际	93		-45		
35		宝城期货	88		-18		
36		长安期货	87		6		
37		五矿期货	84		11		
38		浙江新世纪	83		40		
39		中投期货	81		16		
40		金瑞期货	70		57		
41		东方汇金	62		12		
42		格林大华	62		8		
43		一德期货	59		11		
44		华联期货	57		16		
45		冠通期货	56		39		
46		德盛期货	52		42		
47		混沌天成	50		40		
48		国海良时	50		-2		
49		中原期货	45		45		
50		和合期货	43		12		
51		深圳瑞龙	39		5		
52		大越期货	38		36		
53		美尔雅期货	38		-9		
54		锦泰期货	37		8		
55		安粮期货	36		10		
56		兴证期货	36		12		
57		中州期货	35		4		
58		弘业期货	34		8		
59		申银万国	33		-15		
60		天富期货	32		-16		
61		同信久恒	31		0		
62		民生期货	30		20		
63		渤海期货	29		24		
64		大地期货	28		16		
65		神华期货	27		-1		
66		招金期货	26		7		
67		浙江中大	25		0		
68		南华期货	25		2		
69		国元期货	24		6		
70		平安期货	21		6		
71		上海中财	20		13		
72		汇鑫期货	20		-6		
73		宏源期货	20		5		
74		国贸期货	17		8		
75		金石期货	16		7		
76		倍特期货	14		4		
77		集成期货	14		0		
78		江西瑞奇	13		6		
79		道通期货	13		12		
80		西部期货	13		10		
81		恒泰期货	12		-4		
82		津投期货	12		8		
83		华西期货	11		5		
84		新疆天利	11		11		
85		上海浙石	11		2		
86		国联期货	11		3		
87		广永期货	10		-37		
88		中银国际	10		0		
89		江苏东华	10		0		
90		信达期货	10		-3		
91		大有期货	10		-1		
92		创元期货	9		-36		
93		先融期货	9		5		
94		江苏新纪元	8		5		
95		东吴期货	8		5		
96		大连良运	7		3		
97		华创期货	7		4		
98		华龙期货	6		2		
99		首创京都	6		2		
100		国都期货	6		0		
101		西南期货	6		0		
102		金元期货	6		3		
103		新晟期货	5		4		
104		红塔期货	5		-18		
105		天风期货	5		0		
106		云晨期货	5		5		
107		上海大陆	4		0		
108		华鑫期货	4		1		
109		南证期货	4		1		
110		山金期货	3		0		
111		北京金鹏	3		3		
112		湖南金信	2		2		
113		中航期货	2		0		
114		文峰期货	2		0		
115		东海期货	2		-4		
116		中钢期货	2		2		
117		兴业期货	2		-1		
118		东兴期货	1		0		
119		晟鑫期货	1		0		
120		国金期货	1		-10		
121		鑫鼎盛期货	1		1		
122		瑞达期货	1		-15		
123		山西三立	0		-1		
124		铜冠金源	0		-8		
125		河北恒银	0		-2		
126		华融期货	0		-1		
127		海证期货	0		-17		
总计				12,978		3,127		



会员类别	总成交量	增减		
期货公司会员	62,786		50,004		
非期货公司会员	0		0		

会员类别	总持买单量	增减		
期货公司会员	12,978		3,127		
非期货公司会员	0		0		

会员类别	总持卖单量	增减		
期货公司会员	12,978		3,127		
非期货公司会员	0		0		

