								大连商品交易所 成交量_买持仓_卖持仓排名	

品种代码：cs		Date：20151009	

			期货公司会员	

名次		会员简称	成交量		增减		
1		新湖期货	12,296		5,669		
2		东航期货	9,261		-3,308		
3		兴证期货	8,528		1,969		
4		永安期货	8,512		286		
5		徽商期货	8,505		164		
6		东证期货	7,388		4,520		
7		格林大华	7,189		3,178		
8		万达期货	6,382		1,061		
9		宝城期货	6,225		3,639		
10		申银万国	5,796		-3,298		
11		北京首创	5,630		1,220		
12		国联期货	5,592		1,052		
13		方正中期	5,504		-89		
14		信达期货	4,829		2,589		
15		国泰君安	4,589		936		
16		中融汇信	4,472		-1,184		
17		中信期货	4,434		694		
18		中国国际	3,912		-121		
19		同信久恒	3,900		3,051		
20		鲁证期货	3,882		90		
21		银河期货	3,873		1,396		
22		安粮期货	3,747		621		
23		中衍期货	3,642		-404		
24		一德期货	3,467		1,765		
25		弘业期货	3,272		1,882		
26		华泰期货	3,084		-4,385		
27		广发期货	3,024		213		
28		东兴期货	2,853		2,508		
29		光大期货	2,686		-850		
30		南证期货	2,670		578		
31		东海期货	2,647		-574		
32		美尔雅期货	2,565		-932		
33		华安期货	2,512		1,414		
34		海通期货	2,510		-623		
35		国海良时	2,373		440		
36		南华期货	2,314		-1,215		
37		上海大陆	2,294		1,596		
38		深圳瑞龙	2,249		-505		
39		金元期货	2,178		1,016		
40		五矿经易	2,130		1,492		
41		上海中期	2,104		-1,477		
42		中信建投	1,827		192		
43		广州期货	1,705		1,216		
44		长江期货	1,666		-299		
45		浙商期货	1,650		835		
46		渤海期货	1,635		1,187		
47		中辉期货	1,628		-1,312		
48		天风期货	1,599		-51		
49		混沌天成	1,560		964		
50		英大期货	1,524		555		
51		国信期货	1,424		-1,158		
52		集成期货	1,423		156		
53		国投期货	1,348		100		
54		东吴期货	1,304		917		
55		宏源期货	1,224		64		
56		汇鑫期货	1,164		609		
57		国元期货	985		-60		
58		东方汇金	969		192		
59		招商期货	964		-716		
60		国金期货	950		-904		
61		建信期货	942		535		
62		先融期货	942		-1,232		
63		倍特期货	915		-967		
64		中银国际	894		-17		
65		中投期货	847		423		
66		冠通期货	846		-379		
67		金友期货	843		123		
68		首创京都	818		-629		
69		中大期货	779		-905		
70		深圳金汇	775		680		
71		江苏新纪元	765		173		
72		锦泰期货	713		279		
73		瑞达期货	681		290		
74		大地期货	675		-240		
75		天鸿期货	659		427		
76		中航期货	630		298		
77		创元期货	629		100		
78		安信期货	601		-190		
79		招金期货	588		-389		
80		海航东银	579		-30		
81		西部期货	569		137		
82		德盛期货	536		207		
83		国贸期货	536		-334		
84		北京金鹏	476		344		
85		中粮期货	464		1		
86		大通期货	462		-884		
87		华创期货	442		316		
88		浙江新世纪	431		69		
89		金石期货	407		-1,644		
90		云晨期货	368		196		
91		金瑞期货	350		-676		
92		国都期货	342		-73		
93		神华期货	309		-651		
94		华西期货	305		-157		
95		华联期货	283		-6		
96		恒泰期货	279		15		
97		中钢期货	265		-3		
98		大有期货	258		123		
99		新疆天利	250		101		
100		华海期货	250		200		
101		广永期货	248		229		
102		中原期货	242		-87		
103		上海东亚	237		-45		
104		江西瑞奇	235		74		
105		山金期货	232		154		
106		中州期货	231		63		
107		平安期货	227		102		
108		和合期货	225		87		
109		山西三立	203		113		
110		上海中财	195		3		
111		红塔期货	193		142		
112		铜冠金源	160		-99		
113		财达期货	148		-102		
114		大连良运	142		-63		
115		第一创业	129		100		
116		华融期货	119		-59		
117		民生期货	115		41		
118		天富期货	108		-61		
119		盛达期货	102		10		
120		迈科期货	97		0		
121		新晟期货	93		32		
122		华鑫期货	82		57		
123		华龙期货	80		33		
124		晟鑫期货	77		15		
125		银建期货	77		23		
126		津投期货	77		-88		
127		湖南金信	73		-104		
128		大越期货	71		-188		
129		华闻期货	68		53		
130		长安期货	66		-173		
131		文峰期货	65		-40		
132		道通期货	54		-904		
133		江苏东华	38		10		
134		河北恒银	21		-32		
135		金谷期货	16		9		
136		兴业期货	15		-55		
137		西南期货	14		-28		
138		上海浙石	13		-2		
139		江信国盛	11		-73		
140		国富期货	7		2		
141		海证期货	5		-181		
142		鑫鼎盛期货	4		-44		
143		黑龙江时代	3		0		
总计				238,890		23,116		

名次		会员简称	持买单量	增减		
1		新湖期货	8,796		-3,359		
2		国投期货	8,464		-54		
3		永安期货	6,449		590		
4		摩根大通	4,500		0		
5		中粮期货	4,352		-5		
6		广发期货	3,042		-67		
7		万达期货	2,927		1,217		
8		兴证期货	2,557		507		
9		东证期货	2,539		620		
10		东兴期货	2,539		2,500		
11		东航期货	2,511		-247		
12		银河期货	2,237		1,068		
13		华泰期货	1,987		-239		
14		一德期货	1,822		-89		
15		徽商期货	1,745		-147		
16		天风期货	1,515		1,495		
17		南华期货	1,480		103		
18		光大期货	1,428		-585		
19		中国国际	1,418		-280		
20		申银万国	1,352		282		
21		方正中期	1,345		-797		
22		五矿经易	1,241		689		
23		弘业期货	1,145		-245		
24		美尔雅期货	1,051		-464		
25		混沌天成	1,030		1,030		
26		国联期货	1,028		-19		
27		首创京都	990		-400		
28		南证期货	959		-413		
29		国海良时	942		-26		
30		华龙期货	909		-5		
31		鲁证期货	803		43		
32		中信期货	796		294		
33		汇鑫期货	693		203		
34		国泰君安	669		-268		
35		金友期货	595		79		
36		中辉期货	519		28		
37		英大期货	512		-57		
38		格林大华	489		-206		
39		安粮期货	468		4		
40		中大期货	461		8		
41		东海期货	453		-796		
42		宝城期货	449		-50		
43		中信建投	442		-61		
44		金瑞期货	435		-16		
45		道通期货	432		0		
46		海通期货	422		106		
47		上海中期	405		199		
48		信达期货	384		-808		
49		招商期货	358		169		
50		北京首创	334		-242		
51		瑞达期货	330		129		
52		长江期货	319		-262		
53		宏源期货	306		-10		
54		浙商期货	296		141		
55		大地期货	284		-250		
56		天鸿期货	273		237		
57		华安期货	272		-56		
58		创元期货	246		-26		
59		中衍期货	239		-374		
60		东方汇金	236		33		
61		国金期货	192		-43		
62		国贸期货	192		34		
63		倍特期货	177		-13		
64		海航东银	163		-1		
65		华创期货	159		51		
66		中投期货	150		-22		
67		红塔期货	135		89		
68		银建期货	133		-2		
69		云晨期货	127		45		
70		恒泰期货	125		6		
71		国信期货	123		-40		
72		华西期货	110		-76		
73		华联期货	110		-16		
74		神华期货	109		-32		
75		大连良运	104		-6		
76		盛达期货	100		100		
77		国都期货	95		77		
78		上海大陆	94		14		
79		锦泰期货	92		-30		
80		东吴期货	89		-38		
81		安信期货	79		-117		
82		中钢期货	71		-18		
83		建信期货	69		1		
84		金元期货	69		-7		
85		冠通期货	66		37		
86		上海东亚	65		-25		
87		大有期货	65		31		
88		先融期货	57		14		
89		迈科期货	56		-35		
90		深圳瑞龙	55		23		
91		江苏新纪元	53		-89		
92		津投期货	50		1		
93		大越期货	50		-13		
94		北京金鹏	48		-27		
95		国元期货	47		-1		
96		广州期货	46		14		
97		招金期货	40		-8		
98		德盛期货	39		-28		
99		浙江新世纪	39		-12		
100		山金期货	36		0		
101		江西瑞奇	35		-28		
102		渤海期货	30		-233		
103		华鑫期货	29		19		
104		金石期货	28		-28		
105		山西三立	27		-14		
106		西部期货	25		-14		
107		新疆天利	24		8		
108		和合期货	24		-4		
109		集成期货	19		-20		
110		中州期货	18		-10		
111		中原期货	17		-10		
112		第一创业	17		-3		
113		上海中财	15		1		
114		天富期货	14		8		
115		新晟期货	13		-2		
116		国富期货	11		3		
117		兴业期货	11		-12		
118		华闻期货	11		4		
119		湖南金信	11		-2		
120		晟鑫期货	10		-9		
121		民生期货	10		-5		
122		文峰期货	10		-7		
123		中航期货	7		-19		
124		海证期货	7		0		
125		河北恒银	7		-5		
126		鑫鼎盛期货	6		-4		
127		同信久恒	5		-38		
128		广永期货	5		-2		
129		财富期货	5		0		
130		财达期货	4		-49		
131		华融期货	3		-17		
132		平安期货	2		-10		
133		大通期货	1		-10		
134		黑龙江时代	1		0		
135		中融汇信	1		-1		
136		中银国际	0		-23		
137		江苏东华	0		-16		
138		江信国盛	0		-5		
139		上海浙石	0		-5		
140		长安期货	0		-54		
总计				91,362		73		

名次		会员简称	持卖单量	增减		
1		北京首创	11,122		4,094		
2		永安期货	6,716		-1,160		
3		光大期货	5,015		651		
4		国联期货	4,452		9		
5		中融汇信	4,236		459		
6		招商期货	3,603		-21		
7		中钢期货	3,487		67		
8		东航期货	3,314		374		
9		新湖期货	2,916		-225		
10		华鑫期货	2,787		23		
11		格林大华	2,634		-2,497		
12		东证期货	2,350		-968		
13		国投期货	1,815		696		
14		同信久恒	1,813		-260		
15		弘业期货	1,724		33		
16		银河期货	1,592		31		
17		方正中期	1,407		207		
18		海通期货	1,313		48		
19		中国国际	1,266		66		
20		倍特期货	1,175		384		
21		中信期货	1,134		-46		
22		国泰君安	1,130		-405		
23		金瑞期货	1,104		88		
24		首创京都	1,103		-406		
25		混沌天成	1,100		470		
26		申银万国	1,053		-636		
27		创元期货	936		3		
28		宏源期货	901		136		
29		南证期货	745		-215		
30		国海良时	681		157		
31		上海中期	648		-29		
32		兴证期货	625		-129		
33		徽商期货	620		230		
34		国信期货	613		-86		
35		华泰期货	589		35		
36		广发期货	573		-121		
37		鲁证期货	558		71		
38		东吴期货	522		460		
39		招金期货	447		6		
40		中粮期货	446		17		
41		华安期货	437		216		
42		万达期货	413		-87		
43		信达期货	393		83		
44		云晨期货	393		151		
45		中航期货	368		7		
46		金友期货	346		-8		
47		大通期货	329		230		
48		东海期货	327		-615		
49		五矿经易	326		273		
50		上海大陆	303		156		
51		一德期货	299		156		
52		德盛期货	288		22		
53		中辉期货	287		-34		
54		锦泰期货	287		25		
55		东方汇金	278		140		
56		安信期货	273		24		
57		宝城期货	265		169		
58		中信建投	262		108		
59		中投期货	242		67		
60		中大期货	221		121		
61		冠通期货	219		-155		
62		南华期货	210		-29		
63		长江期货	206		-232		
64		国金期货	198		13		
65		美尔雅期货	198		21		
66		深圳瑞龙	186		-14		
67		浙江新世纪	179		111		
68		国元期货	172		84		
69		中衍期货	155		-76		
70		安粮期货	153		63		
71		天鸿期货	150		50		
72		浙商期货	150		33		
73		新疆天利	142		0		
74		恒泰期货	133		45		
75		华创期货	126		7		
76		国贸期货	122		56		
77		铜冠金源	109		-8		
78		海航东银	104		-134		
79		瑞达期货	103		34		
80		平安期货	101		29		
81		大地期货	98		63		
82		江苏新纪元	97		-16		
83		津投期货	95		6		
84		金元期货	94		73		
85		湖南金信	91		3		
86		上海中财	88		44		
87		建信期货	73		-487		
88		华西期货	70		5		
89		江西瑞奇	64		-3		
90		深圳金汇	63		-13		
91		英大期货	59		-13		
92		大连良运	59		4		
93		国都期货	59		-19		
94		上海浙石	57		0		
95		天富期货	53		18		
96		文峰期货	44		-2		
97		华融期货	36		-4		
98		西部期货	31		-329		
99		中州期货	31		-11		
100		迈科期货	29		-14		
101		东兴期货	28		13		
102		新晟期货	26		9		
103		民生期货	26		2		
104		神华期货	21		-21		
105		财达期货	19		1		
106		渤海期货	19		12		
107		先融期货	18		-2		
108		西南期货	16		0		
109		集成期货	13		5		
110		中原期货	13		4		
111		大有期货	12		-15		
112		大越期货	12		-8		
113		天风期货	12		-34		
114		华闻期货	11		2		
115		银建期货	11		5		
116		汇鑫期货	10		3		
117		中银国际	10		-795		
118		海证期货	9		-5		
119		通惠期货	8		0		
120		晟鑫期货	7		4		
121		广州期货	7		-13		
122		红塔期货	6		6		
123		金谷期货	6		0		
124		黑龙江时代	5		3		
125		山西三立	5		-5		
126		道通期货	4		2		
127		金石期货	4		-317		
128		广永期货	3		-208		
129		江信国盛	3		0		
130		华联期货	2		-25		
131		北京金鹏	2		-49		
132		河北恒银	2		0		
133		华龙期货	1		-29		
134		长安期货	1		0		
135		和合期货	1		-7		
136		上海东亚	0		-200		
137		华海期货	0		-50		
138		兴业期货	0		-3		
139		山金期货	0		-230		
总计				91,362		73		



会员类别	总成交量	增减		
期货公司会员	238,890		23,116		
非期货公司会员	0		0		

会员类别	总持买单量	增减		
期货公司会员	91,362		73		
非期货公司会员	0		0		

会员类别	总持卖单量	增减		
期货公司会员	91,362		73		
非期货公司会员	0		0		

