								大连商品交易所 成交量_买持仓_卖持仓排名	

品种代码：cs		Date：20151008	

			期货公司会员	

名次		会员简称	成交量		增减		
1		东航期货	12,569		7,754		
2		申银万国	9,094		5,465		
3		徽商期货	8,341		6,106		
4		永安期货	8,226		786		
5		华泰期货	7,469		5,740		
6		新湖期货	6,627		1,438		
7		兴证期货	6,559		3,300		
8		中融汇信	5,656		3,929		
9		方正中期	5,593		1,934		
10		万达期货	5,321		3,460		
11		国联期货	4,540		2,852		
12		北京首创	4,410		1,188		
13		中衍期货	4,046		2,083		
14		中国国际	4,033		2,763		
15		格林大华	4,011		2,537		
16		鲁证期货	3,792		861		
17		中信期货	3,740		3,076		
18		国泰君安	3,653		1,919		
19		上海中期	3,581		2,293		
20		光大期货	3,536		1,995		
21		南华期货	3,529		2,434		
22		美尔雅期货	3,497		2,886		
23		东海期货	3,221		2,788		
24		海通期货	3,133		1,624		
25		安粮期货	3,126		2,153		
26		中辉期货	2,940		2,548		
27		东证期货	2,868		1,982		
28		广发期货	2,811		1,450		
29		深圳瑞龙	2,754		2,561		
30		宝城期货	2,586		363		
31		国信期货	2,582		2,158		
32		银河期货	2,477		516		
33		信达期货	2,240		1,885		
34		先融期货	2,174		1,763		
35		南证期货	2,092		613		
36		金石期货	2,051		1,663		
37		长江期货	1,965		1,461		
38		国海良时	1,933		811		
39		倍特期货	1,882		1,837		
40		国金期货	1,854		1,563		
41		一德期货	1,702		1,062		
42		中大期货	1,684		1,146		
43		招商期货	1,680		263		
44		天风期货	1,650		-692		
45		中信建投	1,635		658		
46		首创京都	1,447		1,119		
47		弘业期货	1,390		767		
48		大通期货	1,346		1,196		
49		集成期货	1,267		968		
50		国投期货	1,248		132		
51		冠通期货	1,225		770		
52		金元期货	1,162		918		
53		宏源期货	1,160		1,083		
54		华安期货	1,098		504		
55		国元期货	1,045		802		
56		金瑞期货	1,026		878		
57		招金期货	977		510		
58		英大期货	969		827		
59		神华期货	960		912		
60		道通期货	958		943		
61		大地期货	915		301		
62		中银国际	911		569		
63		国贸期货	870		478		
64		同信久恒	849		-857		
65		浙商期货	815		262		
66		安信期货	791		532		
67		东方汇金	777		517		
68		金友期货	720		451		
69		上海大陆	698		544		
70		五矿经易	638		347		
71		海航东银	609		330		
72		混沌天成	596		573		
73		江苏新纪元	592		398		
74		汇鑫期货	555		444		
75		创元期货	529		94		
76		摩根大通	500		500		
77		广州期货	489		259		
78		中粮期货	463		-446		
79		华西期货	462		107		
80		渤海期货	448		232		
81		锦泰期货	434		136		
82		西部期货	432		262		
83		中投期货	424		270		
84		国都期货	415		295		
85		建信期货	407		79		
86		瑞达期货	391		264		
87		东吴期货	387		226		
88		浙江新世纪	362		258		
89		东兴期货	345		222		
90		中航期货	332		191		
91		德盛期货	329		209		
92		中原期货	329		258		
93		华联期货	289		92		
94		上海东亚	282		226		
95		中钢期货	268		189		
96		恒泰期货	264		187		
97		大越期货	259		238		
98		铜冠金源	259		121		
99		财达期货	250		217		
100		长安期货	239		223		
101		天鸿期货	232		151		
102		大连良运	205		120		
103		上海中财	192		127		
104		海证期货	186		166		
105		华融期货	178		75		
106		湖南金信	177		154		
107		云晨期货	172		38		
108		天富期货	169		157		
109		中州期货	168		144		
110		津投期货	165		128		
111		江西瑞奇	161		131		
112		新疆天利	149		114		
113		和合期货	138		108		
114		大有期货	135		44		
115		北京金鹏	132		24		
116		华创期货	126		116		
117		平安期货	125		61		
118		文峰期货	105		76		
119		迈科期货	97		69		
120		深圳金汇	95		93		
121		盛达期货	92		-154		
122		山西三立	90		89		
123		江信国盛	84		79		
124		山金期货	78		-232		
125		民生期货	74		49		
126		兴业期货	70		70		
127		晟鑫期货	62		1		
128		新晟期货	61		14		
129		银建期货	54		18		
130		河北恒银	53		23		
131		红塔期货	51		40		
132		华海期货	50		50		
133		鑫鼎盛期货	48		48		
134		华龙期货	47		13		
135		西南期货	42		33		
136		第一创业	29		16		
137		江苏东华	28		3		
138		华鑫期货	25		13		
139		广永期货	19		-18		
140		上海浙石	15		15		
141		华闻期货	15		8		
142		金谷期货	7		2		
143		国富期货	5		5		
144		黑龙江时代	3		3		
总计				216,274		123,386		

名次		会员简称	持买单量	增减		
1		新湖期货	12,155		289		
2		国投期货	8,518		171		
3		永安期货	5,859		849		
4		摩根大通	4,500		500		
5		中粮期货	4,357		97		
6		广发期货	3,109		790		
7		东航期货	2,758		866		
8		华泰期货	2,226		-431		
9		方正中期	2,142		835		
10		兴证期货	2,050		67		
11		光大期货	2,013		199		
12		东证期货	1,919		304		
13		一德期货	1,911		688		
14		徽商期货	1,892		398		
15		万达期货	1,710		223		
16		中国国际	1,698		176		
17		美尔雅期货	1,515		-1,323		
18		弘业期货	1,390		539		
19		首创京都	1,390		155		
20		南华期货	1,377		86		
21		南证期货	1,372		-185		
22		东海期货	1,249		1,059		
23		信达期货	1,192		743		
24		银河期货	1,169		341		
25		申银万国	1,070		-1,776		
26		国联期货	1,047		625		
27		国海良时	968		423		
28		国泰君安	937		463		
29		华龙期货	914		-3		
30		鲁证期货	760		393		
31		格林大华	695		383		
32		中衍期货	613		454		
33		长江期货	581		212		
34		北京首创	576		11		
35		英大期货	569		239		
36		五矿经易	552		33		
37		大地期货	534		229		
38		金友期货	516		241		
39		中信建投	503		86		
40		中信期货	502		15		
41		宝城期货	499		233		
42		中辉期货	491		123		
43		汇鑫期货	490		297		
44		安粮期货	464		94		
45		中大期货	453		61		
46		金瑞期货	451		447		
47		道通期货	432		402		
48		华安期货	328		224		
49		海通期货	316		185		
50		宏源期货	316		76		
51		创元期货	272		7		
52		渤海期货	263		175		
53		国金期货	235		130		
54		上海中期	206		-99		
55		东方汇金	203		86		
56		瑞达期货	201		103		
57		安信期货	196		149		
58		倍特期货	190		2		
59		招商期货	189		-825		
60		华西期货	186		125		
61		中投期货	172		71		
62		海航东银	164		-14		
63		国信期货	163		-4		
64		国贸期货	158		95		
65		浙商期货	155		26		
66		江苏新纪元	142		97		
67		神华期货	141		46		
68		银建期货	135		4		
69		东吴期货	127		62		
70		华联期货	126		55		
71		锦泰期货	122		84		
72		恒泰期货	119		55		
73		大连良运	110		76		
74		华创期货	108		101		
75		迈科期货	91		75		
76		上海东亚	90		90		
77		中钢期货	89		22		
78		云晨期货	82		50		
79		上海大陆	80		-152		
80		金元期货	76		14		
81		北京金鹏	75		21		
82		建信期货	68		0		
83		德盛期货	67		14		
84		大越期货	63		41		
85		江西瑞奇	63		47		
86		金石期货	56		32		
87		长安期货	54		49		
88		财达期货	53		50		
89		浙江新世纪	51		10		
90		津投期货	49		-5		
91		国元期货	48		32		
92		招金期货	48		15		
93		红塔期货	46		33		
94		同信久恒	43		29		
95		先融期货	43		14		
96		山西三立	41		24		
97		东兴期货	39		-63		
98		集成期货	39		22		
99		西部期货	39		18		
100		天鸿期货	36		35		
101		山金期货	36		4		
102		大有期货	34		10		
103		广州期货	32		2		
104		深圳瑞龙	32		5		
105		冠通期货	29		21		
106		中州期货	28		21		
107		和合期货	28		25		
108		中原期货	27		18		
109		中航期货	26		22		
110		兴业期货	23		13		
111		中银国际	23		23		
112		华融期货	20		19		
113		天风期货	20		-1		
114		第一创业	20		11		
115		晟鑫期货	19		10		
116		国都期货	18		3		
117		文峰期货	17		12		
118		新疆天利	16		13		
119		江苏东华	16		16		
120		民生期货	15		9		
121		新晟期货	15		-6		
122		上海中财	14		7		
123		湖南金信	13		9		
124		河北恒银	12		9		
125		平安期货	12		-3		
126		大通期货	11		9		
127		华鑫期货	10		0		
128		鑫鼎盛期货	10		6		
129		国富期货	8		3		
130		广永期货	7		6		
131		海证期货	7		-15		
132		华闻期货	7		1		
133		天富期货	6		-3		
134		江信国盛	5		2		
135		财富期货	5		0		
136		上海浙石	5		5		
137		中融汇信	2		-10		
138		黑龙江时代	1		0		
139		金谷期货	0		-1		
140		盛达期货	0		-65		
总计				91,289		12,940		

名次		会员简称	持卖单量	增减		
1		永安期货	7,876		447		
2		北京首创	7,028		2,319		
3		格林大华	5,131		-224		
4		国联期货	4,443		2,929		
5		光大期货	4,364		75		
6		中融汇信	3,777		410		
7		招商期货	3,624		75		
8		中钢期货	3,420		4		
9		东证期货	3,318		296		
10		新湖期货	3,141		648		
11		东航期货	2,940		315		
12		华鑫期货	2,764		-15		
13		同信久恒	2,073		360		
14		弘业期货	1,691		13		
15		申银万国	1,689		370		
16		银河期货	1,561		604		
17		国泰君安	1,535		556		
18		首创京都	1,509		-396		
19		海通期货	1,265		102		
20		中国国际	1,200		-83		
21		方正中期	1,200		-154		
22		中信期货	1,180		15		
23		国投期货	1,119		-227		
24		金瑞期货	1,016		177		
25		南证期货	960		941		
26		东海期货	942		786		
27		创元期货	933		68		
28		中银国际	805		414		
29		倍特期货	791		-80		
30		宏源期货	765		276		
31		兴证期货	754		-534		
32		国信期货	699		614		
33		广发期货	694		71		
34		上海中期	677		-212		
35		混沌天成	630		572		
36		建信期货	560		145		
37		华泰期货	554		-46		
38		国海良时	524		276		
39		万达期货	500		-160		
40		鲁证期货	487		-841		
41		招金期货	441		342		
42		长江期货	438		369		
43		中粮期货	429		50		
44		徽商期货	390		235		
45		冠通期货	374		150		
46		中航期货	361		236		
47		西部期货	360		342		
48		金友期货	354		125		
49		中辉期货	321		81		
50		金石期货	321		203		
51		信达期货	310		227		
52		德盛期货	266		197		
53		锦泰期货	262		-44		
54		安信期货	249		6		
55		云晨期货	242		-28		
56		南华期货	239		71		
57		海航东银	238		111		
58		中衍期货	231		42		
59		山金期货	230		50		
60		华安期货	221		80		
61		广永期货	211		5		
62		深圳瑞龙	200		-11		
63		上海东亚	200		150		
64		国金期货	185		-8		
65		美尔雅期货	177		52		
66		中投期货	175		135		
67		中信建投	154		51		
68		上海大陆	147		42		
69		一德期货	143		2		
70		新疆天利	142		-20		
71		东方汇金	138		-237		
72		华创期货	119		15		
73		浙商期货	117		25		
74		铜冠金源	117		67		
75		江苏新纪元	113		11		
76		中大期货	100		23		
77		天鸿期货	100		75		
78		大通期货	99		-1		
79		宝城期货	96		-55		
80		安粮期货	90		-8		
81		津投期货	89		44		
82		国元期货	88		15		
83		恒泰期货	88		57		
84		湖南金信	88		-100		
85		国都期货	78		-34		
86		深圳金汇	76		75		
87		英大期货	72		-20		
88		平安期货	72		58		
89		瑞达期货	69		14		
90		浙江新世纪	68		30		
91		江西瑞奇	67		6		
92		国贸期货	66		43		
93		华西期货	65		17		
94		东吴期货	62		-5		
95		上海浙石	57		0		
96		大连良运	55		43		
97		五矿经易	53		-123		
98		北京金鹏	51		17		
99		华海期货	50		50		
100		文峰期货	46		25		
101		天风期货	46		-1,271		
102		上海中财	44		-57		
103		迈科期货	43		0		
104		神华期货	42		18		
105		中州期货	42		15		
106		华融期货	40		3		
107		大地期货	35		28		
108		天富期货	35		10		
109		华龙期货	30		0		
110		华联期货	27		-72		
111		大有期货	27		25		
112		民生期货	24		-13		
113		金元期货	21		-2		
114		大越期货	20		10		
115		广州期货	20		17		
116		先融期货	20		4		
117		财达期货	18		0		
118		新晟期货	17		5		
119		西南期货	16		0		
120		东兴期货	15		-40		
121		海证期货	14		3		
122		山西三立	10		0		
123		中原期货	9		7		
124		华闻期货	9		-8		
125		通惠期货	8		0		
126		集成期货	8		-1		
127		和合期货	8		7		
128		汇鑫期货	7		0		
129		渤海期货	7		-1		
130		金谷期货	6		2		
131		银建期货	6		2		
132		兴业期货	3		3		
133		江信国盛	3		-20		
134		晟鑫期货	3		0		
135		道通期货	2		-4		
136		河北恒银	2		0		
137		黑龙江时代	2		-3		
138		长安期货	1		-2		
139		盛达期货	0		-1		
总计				91,289		12,940		



会员类别	总成交量	增减		
期货公司会员	216,274		123,386		
非期货公司会员	0		0		

会员类别	总持买单量	增减		
期货公司会员	91,289		12,940		
非期货公司会员	0		0		

会员类别	总持卖单量	增减		
期货公司会员	91,289		12,940		
非期货公司会员	0		0		

