								大连商品交易所 成交量_买持仓_卖持仓排名	

品种代码：cs		Date：20150915	

			期货公司会员	

名次		会员简称	成交量		增减		
1		万达期货	4,311		824		
2		徽商期货	2,915		-238		
3		新湖期货	2,498		-142		
4		永安期货	2,218		-256		
5		申银万国	1,441		-499		
6		华泰期货	1,371		145		
7		兴证期货	1,342		-180		
8		中融汇信	1,318		-1,007		
9		东航期货	1,289		-122		
10		中国国际	796		-97		
11		东证期货	718		6		
12		南证期货	696		390		
13		方正中期	660		-754		
14		美尔雅期货	654		-482		
15		格林大华	647		-200		
16		国贸期货	535		168		
17		上海中财	535		412		
18		银河期货	524		-735		
19		国泰君安	521		-234		
20		国联期货	503		-360		
21		鲁证期货	473		-52		
22		天风期货	472		-1,917		
23		中辉期货	424		76		
24		光大期货	404		-430		
25		一德期货	395		-22		
26		长江期货	386		95		
27		广发期货	377		-460		
28		浙商期货	366		130		
29		上海中期	360		197		
30		中衍期货	330		-126		
31		国投期货	300		-219		
32		海证期货	299		294		
33		北京首创	295		125		
34		南华期货	286		-243		
35		中信期货	279		-330		
36		国海良时	269		-336		
37		海通期货	267		-142		
38		中信建投	265		-296		
39		先融期货	265		-139		
40		安粮期货	262		-231		
41		恒泰期货	257		150		
42		中投期货	253		73		
43		弘业期货	243		-264		
44		津投期货	240		117		
45		中大期货	234		-375		
46		东方汇金	232		-37		
47		华安期货	221		80		
48		信达期货	211		-110		
49		宏源期货	204		-48		
50		招商期货	187		69		
51		国信期货	173		-117		
52		中航期货	167		-52		
53		江西瑞奇	167		9		
54		深圳瑞龙	165		-33		
55		倍特期货	162		-18		
56		金瑞期货	151		-14		
57		集成期货	148		-344		
58		金友期货	146		-123		
59		江苏新纪元	142		72		
60		和合期货	140		87		
61		创元期货	136		-88		
62		招金期货	135		-92		
63		华龙期货	131		-250		
64		国元期货	129		-180		
65		瑞达期货	128		34		
66		五矿经易	127		-28		
67		汇鑫期货	126		93		
68		金元期货	125		-43		
69		中粮期货	122		4		
70		东海期货	121		25		
71		西部期货	116		-120		
72		渤海期货	111		-25		
73		东兴期货	102		19		
74		东吴期货	101		53		
75		安信期货	99		-146		
76		神华期货	99		51		
77		广永期货	92		-12		
78		山金期货	87		-69		
79		上海大陆	83		-1		
80		德盛期货	78		6		
81		宝城期货	78		-353		
82		中原期货	76		-17		
83		海航东银	72		-287		
84		大连良运	67		-14		
85		英大期货	64		-103		
86		广州期货	59		-25		
87		云晨期货	57		5		
88		金石期货	53		34		
89		盛达期货	51		48		
90		华西期货	51		-199		
91		浙江新世纪	49		37		
92		建信期货	46		-150		
93		首创京都	45		25		
94		上海浙石	44		-6		
95		长安期货	39		26		
96		同信久恒	39		-23		
97		华闻期货	38		22		
98		民生期货	36		24		
99		国都期货	32		-71		
100		晟鑫期货	31		13		
101		锦泰期货	26		-139		
102		文峰期货	23		7		
103		银建期货	23		-9		
104		中州期货	23		-12		
105		冠通期货	17		-9		
106		大地期货	16		-167		
107		上海东亚	15		2		
108		河北恒银	15		-16		
109		迈科期货	15		-62		
110		财达期货	15		12		
111		国金期货	14		-115		
112		铜冠金源	14		-37		
113		大越期货	13		11		
114		华联期货	13		-56		
115		大通期货	10		0		
116		西南期货	10		-24		
117		红塔期货	10		-13		
118		中钢期货	10		-21		
119		黑龙江时代	9		6		
120		湖南金信	7		-13		
121		江苏东华	7		4		
122		山西三立	7		-3		
123		华融期货	6		-4		
124		大有期货	6		-72		
125		第一创业	5		4		
126		中银国际	4		-4		
127		道通期货	4		0		
128		深圳金汇	4		-13		
129		兴业期货	4		-13		
130		江信国盛	4		-12		
131		新疆天利	4		-79		
132		华创期货	3		-17		
133		北京金鹏	3		-12		
134		华鑫期货	2		-23		
135		鑫鼎盛期货	2		2		
136		平安期货	2		-96		
137		通惠期货	2		2		
138		天鸿期货	2		1		
139		金谷期货	1		0		
总计				39,754		-11,038		

名次		会员简称	持买单量	增减		
1		永安期货	8,005		471		
2		新湖期货	5,959		267		
3		银河期货	3,996		33		
4		摩根大通	3,470		0		
5		美尔雅期货	3,244		-23		
6		中粮期货	2,573		9		
7		申银万国	2,423		27		
8		广发期货	2,146		39		
9		国投期货	2,079		0		
10		南华期货	1,637		48		
11		南证期货	1,393		199		
12		徽商期货	1,085		-12		
13		东航期货	1,034		-78		
14		光大期货	1,001		28		
15		华泰期货	980		284		
16		万达期货	817		251		
17		中国国际	729		8		
18		华龙期货	562		94		
19		一德期货	530		-20		
20		弘业期货	526		26		
21		中信建投	485		77		
22		安粮期货	467		52		
23		方正中期	441		-21		
24		长江期货	390		20		
25		五矿经易	353		1		
26		信达期货	339		51		
27		国海良时	334		-52		
28		华西期货	333		-4		
29		兴证期货	311		72		
30		首创京都	304		33		
31		中信期货	297		-4		
32		英大期货	285		4		
33		宝城期货	282		-9		
34		金友期货	262		-15		
35		中辉期货	226		8		
36		中衍期货	220		7		
37		海通期货	217		68		
38		上海中期	208		87		
39		上海大陆	203		1		
40		格林大华	193		-16		
41		鲁证期货	192		-10		
42		东证期货	191		6		
43		汇鑫期货	174		22		
44		中大期货	172		2		
45		东方汇金	163		15		
46		国泰君安	162		-16		
47		东海期货	159		-7		
48		宏源期货	153		19		
49		北京首创	143		-24		
50		海航东银	142		-36		
51		倍特期货	133		-5		
52		国贸期货	120		-97		
53		招商期货	118		1		
54		广州期货	116		-33		
55		神华期货	104		-13		
56		国联期货	103		11		
57		江西瑞奇	102		-54		
58		国信期货	101		-81		
59		金元期货	98		-1		
60		瑞达期货	96		4		
61		国都期货	95		11		
62		津投期货	80		39		
63		华鑫期货	76		0		
64		大连良运	74		-1		
65		浙商期货	69		17		
66		中投期货	69		18		
67		建信期货	63		0		
68		大有期货	60		0		
69		中航期货	56		-27		
70		恒泰期货	54		2		
71		上海浙石	50		20		
72		盛达期货	50		49		
73		云晨期货	47		0		
74		东兴期货	47		0		
75		中钢期货	46		2		
76		东吴期货	45		-3		
77		招金期货	45		0		
78		银建期货	44		-1		
79		北京金鹏	43		2		
80		先融期货	40		3		
81		华安期货	39		-9		
82		华联期货	36		-3		
83		西部期货	34		-24		
84		冠通期货	31		-6		
85		江苏新纪元	29		-1		
86		兴业期货	27		0		
87		安信期货	27		7		
88		天风期货	27		-5		
89		山金期货	24		-17		
90		长安期货	24		20		
91		德盛期货	22		1		
92		金石期货	22		-4		
93		浙江新世纪	21		0		
94		深圳瑞龙	18		-2		
95		中银国际	17		0		
96		天富期货	15		0		
97		民生期货	15		0		
98		中原期货	14		-2		
99		金瑞期货	14		7		
100		金谷期货	13		1		
101		集成期货	13		0		
102		创元期货	13		-36		
103		国金期货	13		0		
104		大地期货	13		2		
105		锦泰期货	12		-9		
106		山西三立	12		1		
107		中州期货	11		-2		
108		迈科期货	11		11		
109		财达期货	10		2		
110		华闻期货	10		0		
111		和合期货	10		-120		
112		江信国盛	10		0		
113		广永期货	9		0		
114		渤海期货	9		-1		
115		晟鑫期货	8		-2		
116		湖南金信	7		1		
117		华创期货	6		1		
118		上海中财	6		-6		
119		第一创业	6		1		
120		文峰期货	5		0		
121		道通期货	5		0		
122		红塔期货	5		-1		
123		财富期货	5		0		
124		河北恒银	5		1		
125		中融汇信	4		4		
126		海证期货	4		-2		
127		大越期货	4		-5		
128		鑫鼎盛期货	4		0		
129		江苏东华	3		1		
130		新疆天利	3		0		
131		华融期货	3		1		
132		黑龙江时代	2		1		
133		铜冠金源	2		2		
134		平安期货	1		0		
135		上海东亚	1		0		
136		国元期货	1		-3		
137		新晟期货	1		0		
138		混沌天成	1		0		
139		深圳金汇	1		0		
140		西南期货	0		-10		
总计				54,952		1,640		

名次		会员简称	持卖单量	增减		
1		永安期货	3,992		435		
2		倍特期货	3,950		141		
3		格林大华	3,625		123		
4		万达期货	3,414		654		
5		光大期货	2,591		130		
6		新湖期货	2,411		63		
7		方正中期	2,405		31		
8		混沌天成	2,155		0		
9		中钢期货	2,107		4		
10		天风期货	1,941		-375		
11		鲁证期货	1,884		-119		
12		国联期货	1,870		302		
13		东证期货	1,725		30		
14		中信期货	1,370		5		
15		国泰君安	1,327		67		
16		弘业期货	1,120		1		
17		东航期货	1,086		-73		
18		国投期货	990		100		
19		华鑫期货	841		0		
20		中国国际	765		-46		
21		银河期货	721		-41		
22		上海中期	627		129		
23		海通期货	624		-5		
24		申银万国	624		-210		
25		南华期货	591		8		
26		东方汇金	576		105		
27		中融汇信	540		4		
28		兴证期货	517		76		
29		东吴期货	484		54		
30		五矿经易	481		2		
31		创元期货	457		-60		
32		广发期货	455		4		
33		北京首创	438		137		
34		云晨期货	368		55		
35		徽商期货	294		73		
36		金瑞期货	287		-40		
37		锦泰期货	276		1		
38		安粮期货	262		8		
39		国海良时	250		3		
40		中粮期货	245		-19		
41		信达期货	232		34		
42		中衍期货	214		-21		
43		华海期货	205		0		
44		中信建投	164		-4		
45		深圳瑞龙	152		1		
46		中辉期货	134		6		
47		宏源期货	132		41		
48		国信期货	125		-16		
49		华泰期货	113		-67		
50		美尔雅期货	111		-9		
51		国都期货	107		5		
52		国贸期货	104		-114		
53		长江期货	103		12		
54		上海大陆	102		0		
55		首创京都	100		-2		
56		宝城期货	100		9		
57		津投期货	98		71		
58		安信期货	97		-6		
59		大连良运	94		0		
60		大有期货	92		-4		
61		华创期货	85		0		
62		瑞达期货	81		58		
63		招商期货	81		-12		
64		金友期货	81		41		
65		江西瑞奇	80		15		
66		东海期货	75		22		
67		铜冠金源	70		6		
68		平安期货	61		0		
69		国金期货	59		4		
70		江苏新纪元	58		11		
71		冠通期货	58		7		
72		浙商期货	56		-19		
73		上海浙石	50		0		
74		迈科期货	49		0		
75		上海中财	44		-1		
76		华安期货	43		2		
77		招金期货	38		-1		
78		恒泰期货	37		1		
79		民生期货	34		2		
80		神华期货	34		8		
81		中投期货	33		-17		
82		华西期货	29		5		
83		国元期货	28		-10		
84		中大期货	27		0		
85		晟鑫期货	25		1		
86		南证期货	24		15		
87		先融期货	21		0		
88		德盛期货	20		-17		
89		集成期货	20		2		
90		华融期货	19		-1		
91		中州期货	19		15		
92		广州期货	18		-14		
93		文峰期货	17		5		
94		西南期货	17		0		
95		华联期货	17		2		
96		同信久恒	15		-13		
97		华龙期货	15		-1		
98		英大期货	12		-6		
99		建信期货	12		0		
100		金元期货	11		-6		
101		和合期货	11		-4		
102		一德期货	10		1		
103		汇鑫期货	10		10		
104		山金期货	7		0		
105		渤海期货	7		-2		
106		黑龙江时代	7		0		
107		浙江新世纪	6		1		
108		通惠期货	6		2		
109		广永期货	6		0		
110		金谷期货	5		0		
111		东兴期货	5		0		
112		河北恒银	5		0		
113		第一创业	4		4		
114		银建期货	4		2		
115		上海东亚	3		3		
116		天鸿期货	3		2		
117		西部期货	3		0		
118		海证期货	2		-1		
119		长安期货	2		-7		
120		华闻期货	2		0		
121		中银国际	2		0		
122		新晟期货	1		0		
123		海航东银	1		-10		
124		北京金鹏	1		1		
125		湖南金信	1		0		
126		大通期货	0		-10		
127		金石期货	0		-9		
128		财达期货	0		-1		
129		中原期货	0		-22		
130		新疆天利	0		-2		
131		中航期货	0		-110		
132		红塔期货	0		-5		
总计				54,952		1,640		



会员类别	总成交量	增减		
期货公司会员	39,754		-11,038		
非期货公司会员	0		0		

会员类别	总持买单量	增减		
期货公司会员	54,952		1,640		
非期货公司会员	0		0		

会员类别	总持卖单量	增减		
期货公司会员	54,952		1,640		
非期货公司会员	0		0		

