								大连商品交易所 成交量_买持仓_卖持仓排名	

品种代码：cs		Date：20151022	

			期货公司会员	

名次		会员简称	成交量		增减		
1		永安期货	24,936		17,509		
2		东航期货	21,246		11,645		
3		徽商期货	20,281		13,845		
4		光大期货	19,393		10,796		
5		中融汇信	19,079		12,002		
6		申银万国	18,777		14,535		
7		方正中期	17,403		11,178		
8		万达期货	15,649		5,554		
9		宝城期货	15,136		9,235		
10		新湖期货	15,101		6,557		
11		国泰君安	14,917		7,152		
12		广发期货	12,813		7,687		
13		南华期货	11,466		7,038		
14		弘业期货	10,861		9,322		
15		鲁证期货	9,969		7,314		
16		兴证期货	9,645		4,137		
17		国投期货	8,856		6,199		
18		中国国际	8,733		5,114		
19		银河期货	8,672		6,389		
20		上海大陆	8,097		6,757		
21		同信久恒	7,998		5,671		
22		东证期货	7,912		4,368		
23		一德期货	7,878		4,759		
24		安粮期货	7,279		4,721		
25		海通期货	7,116		3,772		
26		国联期货	7,001		5,781		
27		中衍期货	6,923		4,395		
28		招商期货	6,530		4,850		
29		集成期货	6,361		5,214		
30		华鑫期货	6,351		5,396		
31		中原期货	6,209		5,596		
32		中粮期货	6,088		5,364		
33		长江期货	5,692		3,359		
34		格林大华	5,537		2,029		
35		国海良时	5,452		2,976		
36		中辉期货	5,428		4,330		
37		上海中期	5,176		3,469		
38		东方汇金	5,153		3,947		
39		中信期货	5,034		2,903		
40		华泰期货	5,005		2,168		
41		中信建投	4,697		2,973		
42		创元期货	4,520		2,450		
43		国金期货	4,302		3,558		
44		倍特期货	4,109		3,613		
45		南证期货	3,835		3,032		
46		宏源期货	3,823		2,758		
47		北京首创	3,787		1,190		
48		金元期货	3,654		2,344		
49		国贸期货	3,425		2,557		
50		华融期货	3,338		2,437		
51		美尔雅期货	3,327		2,618		
52		中大期货	3,127		2,678		
53		金瑞期货	2,924		1,813		
54		招金期货	2,860		2,559		
55		浙商期货	2,714		2,269		
56		中投期货	2,710		1,768		
57		英大期货	2,692		2,288		
58		五矿经易	2,648		1,969		
59		东吴期货	2,628		1,294		
60		大通期货	2,612		1,632		
61		中航期货	2,588		2,402		
62		东海期货	2,555		1,690		
63		信达期货	2,485		1,367		
64		锦泰期货	2,394		1,464		
65		浙江新世纪	2,294		1,749		
66		先融期货	2,125		1,634		
67		瑞达期货	2,084		1,659		
68		华安期货	2,023		1,356		
69		金友期货	1,930		1,394		
70		上海中财	1,792		1,693		
71		安信期货	1,783		1,072		
72		国信期货	1,726		610		
73		深圳瑞龙	1,659		1,196		
74		首创京都	1,602		1,543		
75		建信期货	1,472		733		
76		华西期货	1,427		1,053		
77		天风期货	1,423		-1,378		
78		兴业期货	1,125		931		
79		恒泰期货	1,110		785		
80		德盛期货	1,064		693		
81		神华期货	1,040		746		
82		迈科期货	982		914		
83		冠通期货	981		-220		
84		大地期货	952		513		
85		北京金鹏	917		829		
86		铜冠金源	911		549		
87		广永期货	903		325		
88		国都期货	870		621		
89		江苏新纪元	823		-550		
90		大有期货	823		635		
91		广州期货	821		412		
92		天鸿期货	819		783		
93		江西瑞奇	777		615		
94		大越期货	730		443		
95		国富期货	722		32		
96		汇鑫期货	692		-291		
97		渤海期货	685		382		
98		国元期货	683		-30		
99		海航东银	668		485		
100		西部期货	664		352		
101		中银国际	657		629		
102		混沌天成	646		310		
103		津投期货	583		340		
104		长安期货	572		312		
105		华联期货	566		410		
106		金石期货	561		511		
107		上海东亚	543		314		
108		东兴期货	504		334		
109		和合期货	451		127		
110		中州期货	414		-194		
111		第一创业	359		-125		
112		山金期货	353		264		
113		民生期货	350		246		
114		西南期货	345		46		
115		江苏东华	281		231		
116		财达期货	239		81		
117		大连良运	238		186		
118		盛达期货	232		170		
119		鑫鼎盛期货	229		111		
120		云晨期货	208		-482		
121		天富期货	206		41		
122		新疆天利	173		102		
123		湖南金信	167		146		
124		中钢期货	156		136		
125		华龙期货	154		-318		
126		银建期货	152		23		
127		山西三立	119		79		
128		摩根大通	118		-1,182		
129		华创期货	105		-952		
130		华闻期货	97		76		
131		海证期货	93		77		
132		平安期货	88		24		
133		华海期货	87		87		
134		道通期货	86		-154		
135		晟鑫期货	83		-50		
136		文峰期货	79		59		
137		江信国盛	77		62		
138		新晟期货	64		24		
139		河北恒银	63		54		
140		红塔期货	56		0		
141		上海浙石	31		-47		
142		深圳金汇	26		-338		
143		金谷期货	5		-1		
144		通惠期货	1		0		
总计				548,626		345,793		

名次		会员简称	持买单量	增减		
1		华鑫期货	26,261		5,526		
2		新湖期货	11,552		-1,037		
3		永安期货	9,828		-991		
4		国投期货	9,422		-667		
5		申银万国	8,316		2,063		
6		中粮期货	6,032		1,088		
7		中融汇信	6,004		4,004		
8		万达期货	5,997		949		
9		中大期货	5,870		-50		
10		东兴期货	5,681		58		
11		银河期货	5,413		943		
12		摩根大通	5,000		0		
13		国泰君安	4,873		434		
14		中辉期货	4,748		63		
15		华泰期货	3,936		138		
16		广发期货	3,761		141		
17		东证期货	3,651		1,132		
18		东航期货	3,644		668		
19		国海良时	3,532		1,923		
20		徽商期货	3,426		949		
21		格林大华	3,372		2,472		
22		方正中期	3,181		997		
23		一德期货	3,025		-136		
24		南华期货	2,989		349		
25		光大期货	2,985		170		
26		五矿经易	2,831		172		
27		东海期货	2,701		87		
28		华龙期货	2,684		24		
29		混沌天成	2,605		200		
30		上海中期	2,528		420		
31		中国国际	2,252		870		
32		长江期货	1,997		-159		
33		安粮期货	1,988		456		
34		东方汇金	1,984		83		
35		中信建投	1,926		401		
36		创元期货	1,840		-51		
37		弘业期货	1,820		667		
38		招商期货	1,760		747		
39		海通期货	1,583		124		
40		北京首创	1,546		72		
41		鲁证期货	1,540		89		
42		瑞达期货	1,533		865		
43		金友期货	1,480		285		
44		中信期货	1,352		559		
45		兴证期货	1,295		-390		
46		浙江新世纪	1,235		907		
47		国联期货	1,145		-661		
48		宏源期货	1,097		464		
49		金瑞期货	1,084		-149		
50		信达期货	1,028		267		
51		中衍期货	912		380		
52		浙商期货	864		381		
53		中原期货	849		-421		
54		宝城期货	843		161		
55		华联期货	764		42		
56		英大期货	742		126		
57		东吴期货	665		503		
58		美尔雅期货	660		-221		
59		大有期货	631		14		
60		长安期货	631		122		
61		国金期货	567		174		
62		倍特期货	543		-713		
63		安信期货	528		-32		
64		天风期货	520		-540		
65		国信期货	509		196		
66		迈科期货	495		380		
67		大地期货	476		317		
68		汇鑫期货	476		1		
69		渤海期货	468		26		
70		华融期货	439		-131		
71		北京金鹏	378		25		
72		国贸期货	377		60		
73		上海中财	327		42		
74		中投期货	326		38		
75		大越期货	315		228		
76		南证期货	304		6		
77		德盛期货	292		106		
78		江苏新纪元	262		13		
79		江西瑞奇	259		143		
80		华西期货	253		32		
81		国元期货	251		50		
82		中航期货	237		-11		
83		新晟期货	228		-5		
84		同信久恒	227		-780		
85		上海大陆	227		31		
86		道通期货	213		-5		
87		神华期货	211		66		
88		华安期货	200		33		
89		财达期货	192		78		
90		建信期货	177		-2		
91		广永期货	173		118		
92		招金期货	170		-33		
93		华海期货	168		17		
94		海航东银	166		7		
95		中州期货	162		33		
96		大连良运	161		96		
97		深圳瑞龙	148		-2		
98		先融期货	146		24		
99		津投期货	144		48		
100		红塔期货	139		6		
101		国都期货	136		-150		
102		银建期货	135		58		
103		山金期货	130		15		
104		恒泰期货	123		6		
105		天鸿期货	122		-142		
106		冠通期货	111		-12		
107		锦泰期货	107		-31		
108		上海东亚	100		100		
109		兴业期货	99		61		
110		和合期货	98		17		
111		广州期货	97		-16		
112		金元期货	94		-175		
113		华创期货	88		11		
114		中钢期货	80		19		
115		云晨期货	78		10		
116		鑫鼎盛期货	72		32		
117		民生期货	69		38		
118		盛达期货	63		-18		
119		首创京都	62		-356		
120		集成期货	56		-64		
121		海证期货	54		29		
122		上海浙石	47		-10		
123		山西三立	45		18		
124		西部期货	36		2		
125		江苏东华	35		28		
126		新疆天利	30		1		
127		金谷期货	30		1		
128		金石期货	29		-11		
129		天富期货	29		-15		
130		西南期货	28		17		
131		大通期货	25		4		
132		平安期货	24		1		
133		湖南金信	21		-3		
134		晟鑫期货	21		4		
135		江信国盛	21		17		
136		文峰期货	20		-4		
137		华闻期货	18		7		
138		河北恒银	14		3		
139		铜冠金源	13		9		
140		国富期货	12		1		
141		第一创业	11		0		
142		中银国际	10		-1		
143		黑龙江时代	7		0		
144		财富期货	5		0		
145		深圳金汇	1		0		
总计				219,254		28,263		

名次		会员简称	持卖单量	增减		
1		永安期货	17,772		-855		
2		光大期货	15,405		3,655		
3		中融汇信	12,431		931		
4		国泰君安	12,378		2,413		
5		格林大华	11,824		109		
6		鲁证期货	7,030		5,928		
7		新湖期货	6,681		412		
8		国联期货	6,556		-340		
9		招商期货	5,899		-299		
10		银河期货	5,817		885		
11		申银万国	5,256		1,572		
12		东航期货	5,029		1,494		
13		倍特期货	4,968		1,784		
14		方正中期	3,870		1,238		
15		华泰期货	3,819		291		
16		东证期货	3,625		172		
17		海通期货	3,616		-256		
18		国投期货	3,441		9		
19		东海期货	3,379		256		
20		同信久恒	3,379		-1,370		
21		宏源期货	3,250		821		
22		长江期货	3,231		-11		
23		大通期货	3,198		254		
24		天风期货	3,074		189		
25		北京首创	2,731		425		
26		兴证期货	2,677		205		
27		东方汇金	2,648		-110		
28		中国国际	2,543		693		
29		中信期货	2,498		685		
30		混沌天成	2,138		432		
31		广发期货	2,099		414		
32		国信期货	1,901		664		
33		中航期货	1,683		453		
34		建信期货	1,630		-248		
35		广永期货	1,622		-465		
36		冠通期货	1,611		295		
37		金瑞期货	1,535		-655		
38		国海良时	1,486		43		
39		安粮期货	1,451		371		
40		浙江新世纪	1,389		969		
41		宝城期货	1,262		891		
42		华安期货	1,165		286		
43		创元期货	1,141		617		
44		徽商期货	1,112		432		
45		中原期货	1,111		-282		
46		上海中期	1,084		60		
47		金元期货	1,064		187		
48		信达期货	1,062		406		
49		中投期货	1,015		356		
50		道通期货	1,014		9		
51		海航东银	957		211		
52		东吴期货	878		77		
53		招金期货	868		555		
54		恒泰期货	824		66		
55		中辉期货	768		355		
56		上海中财	763		522		
57		浙商期货	736		295		
58		上海大陆	721		224		
59		中信建投	681		-566		
60		英大期货	621		486		
61		云晨期货	612		-50		
62		万达期货	611		-178		
63		天鸿期货	573		185		
64		华创期货	554		70		
65		安信期货	543		393		
66		南证期货	499		-323		
67		深圳瑞龙	483		39		
68		南华期货	451		-27		
69		大地期货	440		-31		
70		德盛期货	435		12		
71		广州期货	381		245		
72		中大期货	373		101		
73		一德期货	341		256		
74		五矿经易	331		-296		
75		国元期货	327		5		
76		西部期货	324		320		
77		弘业期货	309		108		
78		中衍期货	300		23		
79		北京金鹏	296		210		
80		国都期货	296		150		
81		瑞达期货	293		-215		
82		国金期货	290		44		
83		中粮期货	288		-974		
84		金友期货	284		57		
85		新晟期货	263		17		
86		华西期货	259		137		
87		津投期货	237		125		
88		美尔雅期货	231		-122		
89		海证期货	196		56		
90		国贸期货	182		137		
91		铜冠金源	175		10		
92		锦泰期货	173		67		
93		上海浙石	171		7		
94		新疆天利	152		10		
95		迈科期货	151		36		
96		大越期货	128		102		
97		神华期货	124		10		
98		上海东亚	122		21		
99		华海期货	101		0		
100		江苏新纪元	99		18		
101		华融期货	98		35		
102		集成期货	97		55		
103		华联期货	90		68		
104		平安期货	89		-3		
105		中州期货	79		-29		
106		民生期货	75		10		
107		天富期货	74		7		
108		中银国际	71		42		
109		深圳金汇	63		0		
110		长安期货	63		34		
111		江西瑞奇	55		-4		
112		江信国盛	50		50		
113		渤海期货	50		33		
114		东兴期货	47		-2		
115		文峰期货	40		1		
116		山金期货	38		0		
117		西南期货	37		24		
118		江苏东华	35		-7		
119		大有期货	31		7		
120		先融期货	24		5		
121		鑫鼎盛期货	22		-23		
122		首创京都	21		-782		
123		晟鑫期货	20		5		
124		兴业期货	19		-4		
125		第一创业	17		13		
126		华鑫期货	15		9		
127		中钢期货	15		9		
128		山西三立	14		7		
129		汇鑫期货	12		-397		
130		金石期货	12		4		
131		河北恒银	12		8		
132		财达期货	10		7		
133		通惠期货	10		-1		
134		华龙期货	9		6		
135		华闻期货	7		6		
136		大连良运	5		-2		
137		金谷期货	5		0		
138		湖南金信	3		0		
139		红塔期货	2		0		
140		盛达期货	2		2		
141		银建期货	1		-8		
142		国富期货	0		-317		
总计				219,254		28,263		



会员类别	总成交量	增减		
期货公司会员	548,626		345,793		
非期货公司会员	0		0		

会员类别	总持买单量	增减		
期货公司会员	219,254		28,263		
非期货公司会员	0		0		

会员类别	总持卖单量	增减		
期货公司会员	219,254		28,263		
非期货公司会员	0		0		

