								大连商品交易所 成交量_买持仓_卖持仓排名	

品种代码：cs		Date：20150209	

			期货公司会员	

名次		会员简称	成交量		增减		
1		东航期货	4,874		4,133		
2		徽商期货	4,213		2,802		
3		中国国际	1,818		1,173		
4		中衍期货	1,671		1,108		
5		银河期货	1,168		750		
6		海通期货	1,087		808		
7		南华期货	994		700		
8		弘业期货	958		729		
9		永安期货	950		326		
10		金瑞期货	898		788		
11		申银万国	864		664		
12		华泰长城	827		652		
13		国泰君安	780		575		
14		方正中期	780		187		
15		中信期货	763		421		
16		宝城期货	750		576		
17		广发期货	675		316		
18		一德期货	664		476		
19		招商期货	643		541		
20		国信期货	599		216		
21		晟鑫期货	597		559		
22		国投期货	591		557		
23		金元期货	579		324		
24		中辉期货	573		449		
25		浙江新世纪	563		559		
26		浙商期货	544		292		
27		鲁证期货	522		281		
28		国海良时	503		348		
29		中粮期货	497		395		
30		光大期货	485		-28		
31		长江期货	468		261		
32		安粮期货	464		-94		
33		津投期货	446		-48		
34		新湖期货	443		5		
35		美尔雅期货	435		269		
36		中原期货	431		392		
37		东海期货	419		386		
38		万达期货	415		264		
39		招金期货	411		273		
40		安信期货	402		241		
41		华安期货	401		218		
42		渤海期货	400		229		
43		信达期货	325		296		
44		北京首创	310		176		
45		东证期货	309		217		
46		东方汇金	307		256		
47		格林大华	303		244		
48		锦泰期货	301		237		
49		国联期货	298		254		
50		天富期货	292		236		
51		深圳瑞龙	291		207		
52		上海中期	254		27		
53		集成期货	246		188		
54		先融期货	246		192		
55		江苏新纪元	245		209		
56		天风期货	241		177		
57		恒泰期货	212		53		
58		金石期货	204		92		
59		中信建投	201		76		
60		广永期货	193		143		
61		兴证期货	180		76		
62		英大期货	178		102		
63		神华期货	175		161		
64		中投期货	172		114		
65		建信期货	170		133		
66		华西期货	165		150		
67		天鸿期货	141		135		
68		浙江中大	140		91		
69		大有期货	136		-101		
70		五矿期货	135		94		
71		新晟期货	128		122		
72		宏源期货	128		-125		
73		国金期货	121		110		
74		上海东亚	120		110		
75		国贸期货	120		78		
76		河北恒银	120		80		
77		中钢期货	111		104		
78		东吴期货	111		70		
79		东兴期货	107		57		
80		中州期货	101		79		
81		瑞达期货	98		27		
82		海航东银	98		37		
83		倍特期货	96		49		
84		上海大陆	96		94		
85		华联期货	95		53		
86		同信久恒	93		69		
87		山西三立	87		62		
88		北京金鹏	84		49		
89		国都期货	81		53		
90		金友期货	80		68		
91		大地期货	76		47		
92		德盛期货	74		17		
93		和合期货	71		52		
94		鑫鼎盛期货	62		41		
95		南证期货	61		17		
96		上海中财	59		37		
97		冠通期货	58		27		
98		道通期货	53		41		
99		新疆天利	51		40		
100		广州期货	50		28		
101		民生期货	50		19		
102		江西瑞奇	50		1		
103		汇鑫期货	47		2		
104		红塔期货	46		41		
105		平安期货	45		15		
106		混沌天成	44		-22		
107		国元期货	43		23		
108		文峰期货	43		-19		
109		中航期货	39		15		
110		大越期货	39		22		
111		铜冠金源	34		24		
112		盛达期货	34		27		
113		首创京都	33		3		
114		兴业期货	33		16		
115		华鑫期货	32		32		
116		大连良运	31		4		
117		华龙期货	28		6		
118		创元期货	28		15		
119		华融期货	27		17		
120		银建期货	26		18		
121		第一创业	25		25		
122		华创期货	22		17		
123		西部期货	20		15		
124		迈科期货	17		17		
125		湖南金信	15		9		
126		长安期货	14		4		
127		海证期货	14		4		
128		中银国际	12		11		
129		深圳金汇	10		-4		
130		黑龙江时代	8		8		
131		云晨期货	6		2		
132		山金期货	4		-1		
133		上海浙石	3		-16		
134		江苏东华	3		-9		
135		财达期货	2		2		
136		和融期货	2		2		
137		大通期货	2		1		
总计				46,556		30,247		

名次		会员简称	持买单量	增减		
1		中粮期货	1,006		27		
2		安粮期货	938		89		
3		东航期货	782		331		
4		方正中期	666		134		
5		永安期货	640		103		
6		新湖期货	577		146		
7		浙商期货	557		206		
8		国投期货	513		102		
9		光大期货	504		48		
10		海通期货	462		360		
11		上海中期	455		120		
12		银河期货	394		54		
13		一德期货	377		-347		
14		北京首创	335		26		
15		南华期货	327		172		
16		渤海期货	318		246		
17		中国国际	298		26		
18		弘业期货	294		137		
19		海航东银	284		5		
20		广发期货	275		6		
21		万达期货	275		15		
22		国泰君安	264		63		
23		申银万国	255		58		
24		宝城期货	239		36		
25		国海良时	230		-24		
26		金元期货	220		208		
27		鲁证期货	213		55		
28		徽商期货	210		53		
29		广永期货	200		150		
30		中信期货	200		51		
31		国联期货	185		70		
32		建信期货	149		-24		
33		津投期货	148		22		
34		华泰长城	137		-9		
35		冠通期货	129		8		
36		大有期货	123		35		
37		中衍期货	122		17		
38		中信建投	121		-2		
39		招商期货	121		10		
40		宏源期货	109		19		
41		南证期货	105		52		
42		华西期货	100		67		
43		安信期货	92		54		
44		国信期货	91		-148		
45		招金期货	89		38		
46		江苏新纪元	80		-44		
47		首创京都	75		15		
48		国贸期货	72		20		
49		金瑞期货	71		16		
50		神华期货	70		23		
51		华安期货	69		57		
52		中辉期货	64		10		
53		中投期货	63		35		
54		信达期货	62		58		
55		东吴期货	62		2		
56		广州期货	53		22		
57		东海期货	53		26		
58		东证期货	52		-32		
59		混沌天成	52		2		
60		中航期货	51		1		
61		新疆天利	51		51		
62		迈科期货	49		17		
63		天富期货	49		20		
64		英大期货	47		40		
65		国金期货	45		3		
66		金友期货	43		33		
67		上海东亚	40		0		
68		东方汇金	37		16		
69		倍特期货	34		25		
70		格林大华	32		-3		
71		五矿期货	31		13		
72		恒泰期货	29		11		
73		长江期货	29		-1		
74		锦泰期货	26		-6		
75		江西瑞奇	26		2		
76		浙江中大	25		23		
77		上海大陆	21		15		
78		大连良运	21		1		
79		大地期货	20		0		
80		道通期货	19		8		
81		深圳瑞龙	17		11		
82		先融期货	17		17		
83		上海浙石	17		0		
84		美尔雅期货	15		0		
85		湖南金信	14		12		
86		汇鑫期货	13		8		
87		晟鑫期货	13		11		
88		中融汇信	12		0		
89		兴证期货	10		6		
90		国都期货	10		9		
91		中钢期货	9		3		
92		上海中财	8		0		
93		兴业期货	8		0		
94		铜冠金源	8		8		
95		红塔期货	8		8		
96		中州期货	8		8		
97		西部期货	8		3		
98		天风期货	8		-16		
99		中原期货	7		6		
100		大越期货	7		6		
101		集成期货	6		1		
102		深圳金汇	6		0		
103		河北恒银	6		0		
104		创元期货	6		6		
105		财达期货	6		0		
106		和合期货	5		3		
107		山西三立	5		0		
108		浙江新世纪	4		4		
109		瑞达期货	4		2		
110		鑫鼎盛期货	4		4		
111		云晨期货	4		0		
112		金石期货	3		-99		
113		华融期货	3		3		
114		新晟期货	3		-1		
115		国元期货	3		1		
116		民生期货	3		0		
117		大通期货	3		1		
118		上海通联	2		0		
119		华联期货	2		1		
120		平安期货	2		0		
121		同信久恒	2		2		
122		江苏东华	2		0		
123		海证期货	1		1		
124		华创期货	1		1		
125		东兴期货	1		-22		
126		文峰期货	1		-1		
127		天鸿期货	0		-3		
128		长安期货	0		-4		
129		中银国际	0		-2		
总计				16,057		3,342		

名次		会员简称	持卖单量	增减		
1		永安期货	1,306		-91		
2		国投期货	1,110		461		
3		中信建投	903		37		
4		中粮期货	840		-8		
5		华泰长城	730		220		
6		光大期货	724		71		
7		银河期货	724		38		
8		东航期货	615		-109		
9		广发期货	459		157		
10		海通期货	422		205		
11		晟鑫期货	314		302		
12		招商期货	284		87		
13		东证期货	282		101		
14		海航东银	281		1		
15		中信期货	264		60		
16		方正中期	260		154		
17		国泰君安	250		43		
18		徽商期货	240		-42		
19		英大期货	229		10		
20		中衍期货	222		74		
21		金瑞期货	218		128		
22		中国国际	202		104		
23		万达期货	184		48		
24		浙商期货	179		28		
25		天风期货	166		133		
26		广州期货	162		6		
27		鲁证期货	159		39		
28		长江期货	147		61		
29		华安期货	144		4		
30		国海良时	140		59		
31		上海中期	134		4		
32		华联期货	134		68		
33		中辉期货	126		-3		
34		北京首创	126		10		
35		弘业期货	120		73		
36		南华期货	114		48		
37		天鸿期货	114		114		
38		宝城期货	113		30		
39		浙江新世纪	110		23		
40		金友期货	107		9		
41		申银万国	106		72		
42		美尔雅期货	100		47		
43		长安期货	95		6		
44		兴证期货	92		66		
45		冠通期货	85		46		
46		安信期货	83		34		
47		格林大华	82		20		
48		中投期货	79		-3		
49		五矿期货	78		-14		
50		国信期货	72		17		
51		东方汇金	70		19		
52		金石期货	69		57		
53		东吴期货	64		53		
54		大地期货	60		34		
55		深圳瑞龙	57		16		
56		安粮期货	57		15		
57		天富期货	56		-8		
58		东兴期货	55		37		
59		建信期货	54		-64		
60		浙江中大	51		7		
61		大越期货	51		11		
62		大有期货	50		9		
63		国联期货	45		36		
64		上海大陆	45		39		
65		民生期货	45		6		
66		东海期货	44		37		
67		宏源期货	43		29		
68		倍特期货	43		29		
69		中州期货	41		7		
70		锦泰期货	41		3		
71		鑫鼎盛期货	40		20		
72		汇鑫期货	33		11		
73		和合期货	33		-8		
74		津投期货	32		18		
75		神华期货	32		2		
76		广永期货	31		15		
77		河北恒银	30		10		
78		德盛期货	29		20		
79		一德期货	27		1		
80		江苏新纪元	27		19		
81		平安期货	26		-5		
82		国元期货	26		4		
83		江西瑞奇	26		4		
84		上海中财	25		-5		
85		大连良运	24		16		
86		信达期货	24		13		
87		新湖期货	23		-211		
88		国贸期货	23		4		
89		招金期货	21		5		
90		上海浙石	19		3		
91		瑞达期货	17		14		
92		集成期货	17		3		
93		西部期货	15		7		
94		先融期货	14		5		
95		华创期货	13		5		
96		华龙期货	12		0		
97		恒泰期货	12		7		
98		中原期货	11		-11		
99		中银国际	11		0		
100		混沌天成	10		0		
101		银建期货	10		10		
102		渤海期货	8		2		
103		海证期货	7		7		
104		山金期货	6		2		
105		西南期货	6		0		
106		首创京都	6		0		
107		国都期货	6		-28		
108		华鑫期货	6		2		
109		云晨期货	5		4		
110		中钢期货	5		4		
111		金元期货	4		1		
112		红塔期货	4		2		
113		山西三立	4		3		
114		创元期货	4		-6		
115		道通期货	3		-9		
116		国金期货	3		0		
117		江苏东华	3		1		
118		湖南金信	3		1		
119		文峰期货	2		0		
120		华西期货	2		-4		
121		第一创业	1		1		
122		新晟期货	1		-3		
123		南证期货	1		-3		
124		中航期货	1		0		
125		大通期货	1		1		
126		华海期货	1		0		
127		同信久恒	0		-31		
128		兴业期货	0		-1		
总计				16,057		3,342		



会员类别	总成交量	增减		
期货公司会员	46,556		30,247		
非期货公司会员	0		0		

会员类别	总持买单量	增减		
期货公司会员	16,057		3,342		
非期货公司会员	0		0		

会员类别	总持卖单量	增减		
期货公司会员	16,057		3,342		
非期货公司会员	0		0		

