								大连商品交易所 成交量_买持仓_卖持仓排名	

品种代码：cs		Date：20150428	

			期货公司会员	

名次		会员简称	成交量		增减		
1		新湖期货	3,639		2,508		
2		东航期货	2,139		1,043		
3		广发期货	1,871		1,642		
4		申银万国	1,803		1,322		
5		永安期货	1,736		886		
6		中国国际	1,616		1,127		
7		中衍期货	1,356		1,185		
8		集成期货	1,245		654		
9		银河期货	1,238		875		
10		上海中期	1,187		1,130		
11		徽商期货	1,134		602		
12		招金期货	1,102		1,087		
13		国联期货	974		927		
14		中大期货	850		474		
15		方正中期	837		302		
16		鲁证期货	813		510		
17		中融汇信	804		580		
18		东方汇金	790		593		
19		海通期货	786		593		
20		北京首创	784		671		
21		万达期货	742		600		
22		国泰君安	738		386		
23		南华期货	735		612		
24		一德期货	663		563		
25		浙商期货	648		502		
26		弘业期货	632		389		
27		津投期货	593		393		
28		美尔雅期货	572		446		
29		大地期货	572		472		
30		深圳瑞龙	556		529		
31		宝城期货	529		510		
32		金元期货	503		448		
33		宏源期货	502		359		
34		国信期货	482		389		
35		兴证期货	453		285		
36		中信建投	435		341		
37		光大期货	428		230		
38		中信期货	422		280		
39		中粮期货	420		-162		
40		长江期货	375		144		
41		瑞达期货	364		348		
42		英大期货	336		230		
43		东证期货	335		208		
44		晟鑫期货	313		162		
45		江苏新纪元	292		160		
46		国海良时	291		220		
47		华泰长城	286		171		
48		中辉期货	265		111		
49		海证期货	242		230		
50		金友期货	205		26		
51		招商期货	194		185		
52		大越期货	185		-42		
53		德盛期货	174		120		
54		铜冠金源	169		154		
55		大有期货	167		75		
56		国投期货	167		-39		
57		恒泰期货	158		105		
58		五矿期货	155		138		
59		信达期货	148		69		
60		神华期货	145		113		
61		格林大华	136		86		
62		锦泰期货	135		51		
63		安信期货	133		105		
64		上海中财	132		126		
65		和合期货	130		22		
66		北京金鹏	130		128		
67		东吴期货	127		123		
68		安粮期货	123		61		
69		海航东银	122		116		
70		金石期货	120		91		
71		华安期货	118		98		
72		上海大陆	115		94		
73		中航期货	115		21		
74		华鑫期货	113		102		
75		中投期货	108		-26		
76		东海期货	106		62		
77		江西瑞奇	106		44		
78		天风期货	103		78		
79		东兴期货	100		61		
80		汇鑫期货	96		84		
81		同信久恒	95		74		
82		华融期货	88		87		
83		国都期货	84		66		
84		广州期货	82		38		
85		长安期货	79		50		
86		先融期货	78		54		
87		中州期货	75		19		
88		倍特期货	70		50		
89		华创期货	68		66		
90		天富期货	64		54		
91		西南期货	63		0		
92		平安期货	61		-3		
93		国元期货	58		41		
94		金瑞期货	58		-77		
95		中原期货	55		18		
96		山西三立	53		28		
97		深圳金汇	52		16		
98		渤海期货	49		39		
99		浙江新世纪	48		42		
100		迈科期货	47		42		
101		国贸期货	45		4		
102		大连良运	43		23		
103		创元期货	40		10		
104		华联期货	34		26		
105		湖南金信	33		26		
106		南证期货	30		-9		
107		西部期货	30		22		
108		华龙期货	29		20		
109		河北恒银	25		20		
110		冠通期货	25		15		
111		华西期货	24		5		
112		盛达期货	24		24		
113		建信期货	22		19		
114		财达期货	21		-3		
115		国金期货	21		3		
116		摩根大通	20		20		
117		大通期货	20		17		
118		中银国际	19		12		
119		道通期货	18		12		
120		红塔期货	14		-54		
121		广永期货	14		11		
122		银建期货	13		9		
123		民生期货	13		-5		
124		天鸿期货	13		9		
125		上海通联	12		12		
126		金谷期货	10		10		
127		第一创业	8		3		
128		新晟期货	8		7		
129		首创京都	7		5		
130		文峰期货	4		-1		
131		云晨期货	3		-9		
132		国富期货	2		2		
133		鑫鼎盛期货	1		1		
134		混沌天成	1		1		
135		江苏东华	1		-29		
136		江信国盛	1		1		
总计				46,638		31,641		

名次		会员简称	持买单量	增减		
1		国投期货	2,579		4		
2		北京首创	2,039		-16		
3		永安期货	1,809		-28		
4		国信期货	1,553		18		
5		新湖期货	1,328		-1,125		
6		中粮期货	1,281		-12		
7		安粮期货	1,087		10		
8		方正中期	943		-130		
9		万达期货	751		-144		
10		海航东银	479		51		
11		鲁证期货	256		-23		
12		中国国际	244		-101		
13		东航期货	217		76		
14		浙商期货	200		34		
15		银河期货	192		26		
16		上海中期	185		10		
17		美尔雅期货	183		172		
18		徽商期货	171		31		
19		一德期货	155		111		
20		海通期货	142		47		
21		大地期货	120		76		
22		南华期货	116		92		
23		弘业期货	116		41		
24		东证期货	114		11		
25		大有期货	109		27		
26		东海期货	108		25		
27		中信建投	99		-8		
28		津投期货	98		-1		
29		申银万国	94		61		
30		宏源期货	93		70		
31		华泰长城	93		-55		
32		光大期货	86		22		
33		广发期货	85		13		
34		国泰君安	82		-4		
35		神华期货	82		8		
36		中信期货	82		29		
37		国联期货	80		62		
38		中衍期货	79		14		
39		长江期货	76		21		
40		东方汇金	68		-24		
41		恒泰期货	67		-14		
42		银建期货	66		-1		
43		格林大华	59		47		
44		国都期货	53		48		
45		金友期货	46		-91		
46		中融汇信	45		42		
47		江西瑞奇	42		22		
48		中辉期货	41		26		
49		信达期货	41		27		
50		中大期货	40		-7		
51		江苏新纪元	39		28		
52		华龙期货	38		16		
53		金瑞期货	36		-2		
54		倍特期货	35		16		
55		中投期货	35		-6		
56		华鑫期货	32		30		
57		天富期货	29		7		
58		浙江新世纪	29		-7		
59		上海大陆	27		-31		
60		招商期货	27		22		
61		大越期货	27		-3		
62		长安期货	26		-1		
63		兴证期货	26		0		
64		中州期货	25		13		
65		渤海期货	24		14		
66		盛达期货	22		22		
67		金石期货	22		7		
68		深圳瑞龙	22		18		
69		瑞达期货	22		1		
70		德盛期货	22		21		
71		大连良运	20		-9		
72		摩根大通	20		20		
73		国海良时	20		-13		
74		招金期货	19		19		
75		华联期货	19		10		
76		宝城期货	18		1		
77		英大期货	18		-16		
78		锦泰期货	17		10		
79		创元期货	16		16		
80		中航期货	15		4		
81		红塔期货	14		0		
82		华创期货	14		-1		
83		上海中财	14		8		
84		东吴期货	13		-2		
85		铜冠金源	13		13		
86		迈科期货	12		8		
87		中原期货	12		6		
88		平安期货	11		1		
89		安信期货	10		7		
90		国金期货	10		9		
91		大通期货	10		3		
92		西南期货	10		-26		
93		河北恒银	9		9		
94		华西期货	8		1		
95		国元期货	8		1		
96		广州期货	8		5		
97		冠通期货	8		-1		
98		中银国际	8		-1		
99		山西三立	7		2		
100		集成期货	7		4		
101		华融期货	7		3		
102		华安期货	7		1		
103		建信期货	6		3		
104		财达期货	6		1		
105		新疆天利	6		0		
106		西部期货	5		5		
107		天风期货	5		-1		
108		上海浙石	5		0		
109		同信久恒	5		-11		
110		深圳金汇	4		0		
111		五矿期货	4		2		
112		第一创业	4		4		
113		晟鑫期货	3		0		
114		兴业期货	3		0		
115		民生期货	3		2		
116		湖南金信	3		0		
117		国贸期货	3		1		
118		汇鑫期货	2		2		
119		海证期货	2		-68		
120		新晟期货	2		0		
121		北京金鹏	2		-41		
122		上海通联	2		2		
123		东兴期货	2		-2		
124		混沌天成	2		1		
125		首创京都	2		2		
126		和合期货	1		0		
127		天鸿期货	1		1		
128		云晨期货	1		0		
129		金元期货	1		-3		
130		文峰期货	1		0		
131		广永期货	1		0		
132		先融期货	0		-2		
总计				19,228		-255		

名次		会员简称	持卖单量	增减		
1		永安期货	2,150		350		
2		国投期货	1,871		37		
3		中粮期货	1,375		292		
4		方正中期	1,243		-35		
5		东航期货	806		-15		
6		万达期货	754		98		
7		鲁证期货	742		58		
8		光大期货	735		228		
9		上海中期	615		-151		
10		兴证期货	497		23		
11		银河期货	497		-10		
12		中国国际	474		-57		
13		海航东银	472		47		
14		北京首创	425		-20		
15		申银万国	392		46		
16		新湖期货	334		32		
17		广发期货	293		122		
18		国信期货	290		-104		
19		国泰君安	277		-54		
20		首创京都	272		-1		
21		宏源期货	246		-2		
22		中信期货	230		-53		
23		徽商期货	218		-3		
24		招金期货	178		55		
25		中融汇信	169		2		
26		中辉期货	164		-1		
27		格林大华	150		-19		
28		一德期货	145		44		
29		安信期货	143		14		
30		招商期货	129		38		
31		海通期货	127		-129		
32		东证期货	118		2		
33		西部期货	116		7		
34		金友期货	107		22		
35		长江期货	102		-38		
36		国联期货	99		-16		
37		中投期货	92		-14		
38		中衍期货	86		10		
39		美尔雅期货	86		12		
40		华泰长城	81		3		
41		弘业期货	79		-53		
42		瑞达期货	76		-83		
43		深圳瑞龙	74		-12		
44		津投期货	69		-76		
45		中州期货	67		0		
46		中大期货	65		-3		
47		东吴期货	63		-9		
48		信达期货	53		19		
49		大越期货	52		48		
50		中信建投	50		-17		
51		华联期货	50		0		
52		江苏东华	49		-1		
53		倍特期货	47		-4		
54		江苏新纪元	47		-58		
55		江信国盛	45		1		
56		南华期货	45		-17		
57		建信期货	40		9		
58		金元期货	40		-40		
59		汇鑫期货	39		-6		
60		浙商期货	38		-90		
61		宝城期货	37		-168		
62		华鑫期货	36		-35		
63		德盛期货	33		21		
64		英大期货	31		-10		
65		国海良时	29		-20		
66		大地期货	29		-80		
67		东方汇金	28		-30		
68		东海期货	27		-1		
69		神华期货	26		-3		
70		国元期货	26		5		
71		大连良运	25		12		
72		平安期货	25		-20		
73		安粮期货	24		-5		
74		中银国际	23		-6		
75		广州期货	23		3		
76		江西瑞奇	22		8		
77		五矿期货	22		-51		
78		铜冠金源	21		0		
79		集成期货	21		7		
80		渤海期货	21		-7		
81		天富期货	20		11		
82		国都期货	17		0		
83		上海大陆	17		-30		
84		冠通期货	16		-4		
85		民生期货	16		-1		
86		华安期货	16		-11		
87		金石期货	15		7		
88		中原期货	15		-13		
89		财达期货	15		0		
90		国贸期货	14		-6		
91		西南期货	13		-1		
92		锦泰期货	12		1		
93		广永期货	10		10		
94		山西三立	10		-7		
95		华海期货	9		0		
96		华创期货	9		-33		
97		中航期货	8		-3		
98		国金期货	8		0		
99		恒泰期货	7		-60		
100		金瑞期货	7		0		
101		东兴期货	7		0		
102		鑫鼎盛期货	5		-1		
103		湖南金信	5		3		
104		华龙期货	4		1		
105		长安期货	4		-2		
106		华融期货	4		-27		
107		混沌天成	4		0		
108		晟鑫期货	3		-11		
109		金谷期货	3		0		
110		红塔期货	3		2		
111		云晨期货	2		-1		
112		南证期货	2		2		
113		海证期货	2		-10		
114		大有期货	2		-2		
115		大通期货	1		1		
116		山金期货	1		0		
117		迈科期货	1		1		
118		河北恒银	1		-2		
119		盛达期货	1		0		
120		天鸿期货	1		0		
121		深圳金汇	1		-4		
122		先融期货	0		-2		
123		创元期货	0		-2		
124		浙江新世纪	0		-1		
125		北京金鹏	0		-47		
126		华西期货	0		-1		
127		第一创业	0		-4		
128		银建期货	0		-6		
129		同信久恒	0		-50		
总计				19,228		-255		



会员类别	总成交量	增减		
期货公司会员	46,638		31,641		
非期货公司会员	0		0		

会员类别	总持买单量	增减		
期货公司会员	19,228		-255		
非期货公司会员	0		0		

会员类别	总持卖单量	增减		
期货公司会员	19,228		-255		
非期货公司会员	0		0		

