								大连商品交易所 成交量_买持仓_卖持仓排名	

品种代码：cs		Date：20161110	

			期货公司会员	

名次		会员简称	成交量		增减		
1		海通期货	106,557		40,978		
2		永安期货	49,790		25,677		
3		安粮期货	43,718		17,227		
4		东航期货	39,944		18,094		
5		华安期货	37,579		16,052		
6		华泰期货	37,112		19,305		
7		中信期货	36,874		10,419		
8		方正中期	36,246		24,857		
9		光大期货	31,524		19,110		
10		国泰君安	31,439		12,088		
11		南华期货	30,339		14,367		
12		国投安信	29,924		9,141		
13		华信万达	29,429		22,238		
14		中粮期货	28,738		18,871		
15		徽商期货	26,362		13,606		
16		广发期货	25,743		9,938		
17		广永期货	25,703		3,808		
18		新湖期货	22,770		17,125		
19		申银万国	20,154		5,268		
20		东证期货	18,161		5,803		
21		弘业期货	16,851		7,508		
22		冠通期货	16,512		12,516		
23		格林大华	14,724		11,327		
24		兴证期货	14,613		5,235		
25		渤海期货	13,804		12,057		
26		浙商期货	13,373		1,831		
27		金元期货	13,297		6,492		
28		银河期货	12,911		-1,151		
29		长江期货	12,495		8,940		
30		上海中财	12,072		5,757		
31		中国国际	11,820		6,399		
32		国信期货	11,812		5,282		
33		招商期货	11,568		2,164		
34		国都期货	11,404		7,730		
35		中信建投	11,003		3,786		
36		北京首创	10,844		7,553		
37		金瑞期货	10,486		4,116		
38		国海良时	10,306		3,496		
39		一德期货	10,069		3,452		
40		创元期货	9,953		2,077		
41		中融汇信	9,811		2,511		
42		国富期货	9,658		3,748		
43		西部期货	9,603		5,520		
44		迈科期货	9,538		6,967		
45		鲁证期货	9,455		2,408		
46		宏源期货	8,454		3,894		
47		中大期货	8,130		5,499		
48		中衍期货	7,430		4,156		
49		瑞达期货	7,163		2,464		
50		海航期货	6,853		4,284		
51		国金期货	6,457		3,967		
52		大地期货	6,345		2,450		
53		华鑫期货	5,723		3,789		
54		深圳瑞龙	5,440		2,690		
55		集成期货	5,421		4,612		
56		五矿经易	5,177		2,803		
57		英大期货	5,074		2,054		
58		上海中期	5,008		2,075		
59		国联期货	4,662		2,495		
60		上海大陆	4,462		1,455		
61		中辉期货	4,409		783		
62		宝城期货	4,194		2,211		
63		锦泰期货	4,119		3,205		
64		建信期货	3,992		1,737		
65		江苏新纪元	3,864		2,510		
66		金石期货	3,752		2,806		
67		同信久恒	3,742		2,624		
68		招金期货	3,600		1,914		
69		信达期货	3,519		731		
70		华西期货	3,508		-352		
71		中投期货	3,497		2,125		
72		美尔雅期货	3,469		-2,051		
73		东海期货	3,381		1,896		
74		浙江新世纪	3,349		1,149		
75		国元期货	3,290		1,490		
76		先融期货	3,283		352		
77		铜冠金源	3,211		2,282		
78		倍特期货	3,090		629		
79		混沌天成	3,023		2,049		
80		北京金鹏	2,814		256		
81		福能期货	2,666		1,775		
82		华融期货	2,659		585		
83		恒泰期货	2,622		321		
84		神华期货	2,534		1,796		
85		汇鑫期货	2,466		2,052		
86		江西瑞奇	2,379		-825		
87		广州期货	2,231		989		
88		国贸期货	2,225		1,204		
89		东吴期货	2,177		783		
90		中航期货	1,965		729		
91		东方汇金	1,937		1,038		
92		津投期货	1,921		1,668		
93		华创期货	1,847		393		
94		德盛期货	1,827		436		
95		大有期货	1,747		1,120		
96		中银国际	1,746		1,022		
97		大越期货	1,675		534		
98		江苏东华	1,644		1,111		
99		中原期货	1,571		386		
100		华闻期货	1,485		794		
101		民生期货	1,439		951		
102		东兴期货	1,384		424		
103		华联期货	1,359		122		
104		平安期货	1,343		-32		
105		西南期货	1,270		751		
106		中天期货	1,266		694		
107		南证期货	1,189		713		
108		中州期货	1,161		591		
109		道通期货	1,092		907		
110		天鸿期货	1,088		1,017		
111		中钢期货	1,045		623		
112		文峰期货	1,037		727		
113		盛达期货	930		842		
114		长安期货	894		440		
115		兴业期货	870		434		
116		新晟期货	840		387		
117		云晨期货	817		243		
118		大连良运	791		-55		
119		深圳金汇	670		-169		
120		鑫鼎盛期货	632		375		
121		红塔期货	630		-12		
122		天富期货	572		306		
123		通惠期货	565		536		
124		江信国盛	561		522		
125		河北恒银	535		358		
126		天风期货	525		-406		
127		和合期货	516		215		
128		首创京都	473		353		
129		财达期货	426		-2		
130		山金期货	410		382		
131		海证期货	384		41		
132		山西三立	314		158		
133		金信期货	308		187		
134		第一创业	286		-98		
135		华龙期货	241		-136		
136		中金期货	191		176		
137		华金期货	174		160		
138		九州期货	167		35		
139		晟鑫期货	161		81		
140		大通期货	157		58		
141		上海东亚	119		-176		
142		和融期货	99		25		
143		东方期货	96		26		
144		新疆天利	77		-236		
145		上海浙石	50		-60		
146		黑龙江时代	25		-85		
总计				1,239,496	569,030		

名次		会员简称	持买单量	增减		
1		永安期货	67,049		8,835		
2		中信期货	27,437		1,319		
3		华泰期货	26,411		6,269		
4		华信万达	20,400		9,657		
5		国泰君安	16,192		-1,043		
6		大地期货	15,793		461		
7		广发期货	15,532		555		
8		海通期货	14,034		-709		
9		东航期货	13,663		-1,886		
10		申银万国	12,654		511		
11		鲁证期货	10,209		-1,210		
12		银河期货	9,882		-912		
13		国投安信	9,705		-1,664		
14		中国国际	9,575		110		
15		兴证期货	9,524		1,811		
16		浙商期货	9,241		-3,492		
17		方正中期	9,188		-1,296		
18		南华期货	7,893		-309		
19		弘业期货	7,797		954		
20		中信建投	7,544		66		
21		徽商期货	7,060		249		
22		五矿经易	6,932		-25		
23		格林大华	6,556		-1,133		
24		中粮期货	6,497		-3,648		
25		国海良时	6,470		32		
26		广永期货	6,467		-69		
27		中金期货	6,270		-149		
28		新湖期货	5,582		237		
29		宏源期货	5,431		-365		
30		招商期货	5,140		-255		
31		国信期货	5,107		69		
32		光大期货	5,077		-683		
33		上海中期	4,618		408		
34		东证期货	4,582		1,217		
35		西部期货	4,466		1,083		
36		大越期货	4,312		17		
37		国联期货	4,291		1,101		
38		迈科期货	4,229		1,063		
39		中辉期货	4,081		228		
40		中银国际	3,992		229		
41		信达期货	3,828		68		
42		长江期货	3,820		411		
43		中投期货	3,758		-49		
44		瑞达期货	3,556		-1,454		
45		建信期货	3,304		206		
46		倍特期货	3,285		-286		
47		美尔雅期货	3,271		-73		
48		中大期货	3,104		-359		
49		北京首创	3,097		-80		
50		金瑞期货	3,080		-207		
51		一德期货	3,032		-498		
52		安粮期货	2,638		46		
53		大有期货	2,526		-293		
54		江西瑞奇	2,435		-246		
55		宝城期货	2,421		-710		
56		中衍期货	2,380		-307		
57		英大期货	2,328		-446		
58		民生期货	2,319		-146		
59		恒泰期货	2,301		-743		
60		金元期货	2,214		40		
61		国富期货	2,085		-2,394		
62		华安期货	2,052		-112		
63		锦泰期货	2,044		734		
64		华西期货	1,935		-252		
65		广州期货	1,891		179		
66		东海期货	1,834		-255		
67		国金期货	1,727		102		
68		中航期货	1,717		-308		
69		国贸期货	1,662		245		
70		东吴期货	1,594		102		
71		云晨期货	1,591		-582		
72		华闻期货	1,585		64		
73		平安期货	1,500		336		
74		深圳瑞龙	1,486		-635		
75		冠通期货	1,392		-156		
76		海航期货	1,234		-1,506		
77		江苏新纪元	1,189		191		
78		东兴期货	1,178		131		
79		创元期货	1,144		157		
80		上海东亚	1,106		-35		
81		浙江新世纪	1,067		41		
82		福能期货	1,045		49		
83		华联期货	1,029		34		
84		国元期货	962		29		
85		混沌天成	922		106		
86		华创期货	922		-567		
87		先融期货	914		-468		
88		天风期货	901		-66		
89		渤海期货	849		-11,861		
90		国都期货	848		190		
91		华鑫期货	824		-1,915		
92		招金期货	810		-61		
93		江苏东华	793		-50		
94		摩根大通	790		0		
95		德盛期货	783		-75		
96		上海中财	765		-637		
97		新晟期货	756		31		
98		中原期货	735		-214		
99		集成期货	732		-2		
100		南证期货	723		32		
101		华融期货	714		-56		
102		神华期货	687		258		
103		铜冠金源	666		318		
104		天鸿期货	607		347		
105		上海大陆	604		9		
106		中州期货	594		122		
107		兴业期货	593		-53		
108		红塔期货	591		-251		
109		中融汇信	544		-19		
110		西南期货	515		63		
111		中天期货	496		-157		
112		东方汇金	492		82		
113		首创京都	450		26		
114		海证期货	420		57		
115		第一创业	412		-44		
116		深圳金汇	384		-75		
117		九州期货	380		8		
118		中钢期货	355		-45		
119		金石期货	346		-294		
120		汇鑫期货	334		3		
121		长安期货	300		39		
122		河北恒银	283		-23		
123		北京金鹏	237		0		
124		华龙期货	218		-83		
125		津投期货	212		10		
126		财达期货	208		-16		
127		大连良运	196		31		
128		通惠期货	186		185		
129		同信久恒	183		-203		
130		金信期货	178		-33		
131		盛达期货	149		-68		
132		山西三立	149		-6		
133		江信国盛	136		11		
134		道通期货	131		-202		
135		和合期货	117		-52		
136		天富期货	107		38		
137		华金期货	93		8		
138		山金期货	77		-28		
139		文峰期货	69		-50		
140		上海浙石	67		50		
141		晟鑫期货	56		-40		
142		鑫鼎盛期货	45		-3		
143		大通期货	28		4		
144		黑龙江时代	25		1		
145		新疆天利	19		-17		
146		和融期货	10		-5		
总计				548,359		-7,044		

名次		会员简称	持卖单量	增减		
1		永安期货	59,647		-1,589		
2		国投安信	44,422		1,738		
3		申银万国	38,201		-127		
4		东证期货	36,555		2,852		
5		中粮期货	34,505		2,500		
6		建信期货	24,718		30		
7		弘业期货	23,011		95		
8		华信万达	19,259		-2,018		
9		华泰期货	19,099		713		
10		光大期货	18,980		-1,795		
11		北京首创	16,821		3,778		
12		鲁证期货	15,889		243		
13		广发期货	11,668		3,118		
14		中国国际	11,369		470		
15		中信期货	10,374		1,137		
16		道通期货	9,866		-20		
17		国泰君安	8,923		-480		
18		方正中期	8,505		140		
19		迈科期货	7,756		483		
20		南华期货	7,215		2,500		
21		深圳瑞龙	7,207		71		
22		国都期货	5,852		-1,830		
23		新湖期货	5,665		-12,931		
24		兴证期货	5,162		-778		
25		海航期货	4,562		2,329		
26		浙商期货	4,207		-1,523		
27		中信建投	4,190		205		
28		国海良时	4,103		564		
29		创元期货	3,970		76		
30		宝城期货	3,945		124		
31		五矿经易	3,605		120		
32		首创京都	3,451		-199		
33		上海大陆	3,383		-733		
34		东航期货	2,985		-2,436		
35		广永期货	2,652		-760		
36		海通期货	2,404		-442		
37		金瑞期货	2,363		19		
38		银河期货	2,253		141		
39		宏源期货	2,122		45		
40		混沌天成	2,082		-1,651		
41		锦泰期货	1,880		611		
42		安粮期货	1,798		220		
43		倍特期货	1,755		-386		
44		西部期货	1,752		420		
45		国金期货	1,678		-35		
46		中钢期货	1,672		-352		
47		信达期货	1,645		363		
48		金元期货	1,601		897		
49		瑞达期货	1,573		-287		
50		格林大华	1,572		-1,977		
51		上海中期	1,468		192		
52		国信期货	1,443		83		
53		长安期货	1,275		211		
54		大地期货	1,274		-196		
55		美尔雅期货	1,251		192		
56		中融汇信	1,245		580		
57		徽商期货	1,200		241		
58		汇鑫期货	1,034		5		
59		大连良运	1,022		0		
60		冠通期货	918		42		
61		中投期货	862		270		
62		一德期货	849		-933		
63		浙江新世纪	826		552		
64		东海期货	801		-50		
65		招金期货	742		185		
66		长江期货	708		-104		
67		大有期货	671		-20		
68		华安期货	643		-23		
69		中天期货	527		-9		
70		福能期货	471		-361		
71		渤海期货	459		193		
72		东方汇金	435		137		
73		华西期货	429		6		
74		广州期货	424		-66		
75		金石期货	417		10		
76		国联期货	415		53		
77		同信久恒	391		-295		
78		国元期货	386		107		
79		华闻期货	351		-261		
80		招商期货	325		-85		
81		中大期货	296		-813		
82		国富期货	295		-10		
83		金信期货	268		1		
84		东兴期货	237		93		
85		中辉期货	235		7		
86		大越期货	232		94		
87		中航期货	231		-3		
88		国贸期货	225		6		
89		中衍期货	200		33		
90		华鑫期货	193		-28		
91		上海中财	169		-19		
92		津投期货	169		13		
93		江苏新纪元	164		87		
94		中银国际	155		-21		
95		天风期货	134		21		
96		东吴期货	131		-21		
97		中原期货	128		19		
98		北京金鹏	111		-26		
99		英大期货	110		-60		
100		恒泰期货	109		9		
101		天富期货	104		60		
102		神华期货	101		6		
103		海证期货	101		-97		
104		新疆天利	100		20		
105		上海东亚	85		0		
106		集成期货	83		75		
107		华联期货	57		17		
108		德盛期货	57		-38		
109		南证期货	55		13		
110		深圳金汇	54		-17		
111		江苏东华	53		-12		
112		兴业期货	51		21		
113		通惠期货	50		16		
114		平安期货	50		-27		
115		铜冠金源	45		-37		
116		中州期货	45		19		
117		先融期货	43		5		
118		江西瑞奇	39		1		
119		华融期货	37		-47		
120		西南期货	34		-689		
121		财达期货	31		16		
122		第一创业	27		12		
123		民生期货	27		-19		
124		红塔期货	23		-3		
125		和合期货	15		2		
126		云晨期货	12		-3		
127		新晟期货	11		-37		
128		华创期货	11		10		
129		江信国盛	11		10		
130		华金期货	5		4		
131		山西三立	3		2		
132		文峰期货	3		-15		
133		和融期货	2		0		
134		华龙期货	2		0		
135		河北恒银	2		0		
136		盛达期货	1		0		
137		大通期货	1		-3		
138		鑫鼎盛期货	1		1		
139		晟鑫期货	1		1		
140		九州期货	0		-1		
141		天鸿期货	0		-1		
总计				548,359		-7,044		



会员类别	总成交量	增减		
期货公司会员	1,239,496	569,030		
非期货公司会员	0		0		

会员类别	总持买单量	增减		
期货公司会员	548,359		-7,044		
非期货公司会员	0		0		

会员类别	总持卖单量	增减		
期货公司会员	548,359		-7,044		
非期货公司会员	0		0		

