								大连商品交易所 成交量_买持仓_卖持仓排名	

品种代码：cs		Date：20160412	

			期货公司会员	

名次		会员简称	成交量		增减		
1		海通期货	26,517		9,950		
2		南华期货	22,243		10,757		
3		安粮期货	19,943		14,094		
4		徽商期货	15,636		6,576		
5		华泰期货	15,322		3,708		
6		申银万国	15,002		7,928		
7		国泰君安	14,586		7,150		
8		兴证期货	13,244		1,038		
9		广发期货	12,958		4,940		
10		中信期货	12,343		2,831		
11		方正中期	10,967		-272		
12		永安期货	10,908		2,725		
13		东航期货	10,373		-2,816		
14		华信万达	10,228		2,604		
15		国投期货	9,329		5,500		
16		光大期货	7,828		-1,015		
17		广永期货	7,179		1,274		
18		东证期货	7,151		1,721		
19		华安期货	6,813		4,703		
20		中信建投	6,738		835		
21		鲁证期货	6,384		2,186		
22		中投期货	5,665		4,182		
23		中粮期货	4,944		-311		
24		国都期货	4,836		3,129		
25		中国国际	4,205		933		
26		瑞达期货	3,984		-1,025		
27		银河期货	3,624		912		
28		东海期货	3,459		3,092		
29		长江期货	3,382		824		
30		中大期货	3,199		2,082		
31		金元期货	3,119		2,612		
32		国联期货	3,010		2,205		
33		弘业期货	2,957		337		
34		国海良时	2,869		1,369		
35		浙商期货	2,671		669		
36		新湖期货	2,601		-773		
37		宏源期货	2,514		-921		
38		国信期货	2,492		1,455		
39		北京首创	2,469		-3,180		
40		东方汇金	2,459		862		
41		中衍期货	2,457		-838		
42		格林大华	2,454		1,129		
43		同信久恒	2,388		-86		
44		招商期货	2,128		824		
45		西部期货	2,086		245		
46		中州期货	1,982		1,721		
47		江苏新纪元	1,925		1,201		
48		混沌天成	1,762		-1,660		
49		汇鑫期货	1,713		-622		
50		江西瑞奇	1,710		747		
51		兴业期货	1,683		952		
52		大地期货	1,632		764		
53		上海中期	1,612		972		
54		信达期货	1,603		246		
55		上海大陆	1,589		753		
56		一德期货	1,576		528		
57		美尔雅期货	1,575		316		
58		中辉期货	1,572		58		
59		国贸期货	1,548		667		
60		建信期货	1,507		-2,872		
61		渤海期货	1,495		861		
62		中融汇信	1,479		662		
63		华联期货	1,473		1,194		
64		华鑫期货	1,462		741		
65		金瑞期货	1,409		963		
66		五矿经易	1,385		-863		
67		浙江新世纪	1,321		596		
68		大越期货	1,320		782		
69		上海中财	1,302		994		
70		深圳瑞龙	1,279		545		
71		集成期货	1,126		746		
72		天风期货	1,106		800		
73		冠通期货	1,035		600		
74		宝城期货	1,032		-4,214		
75		津投期货	1,025		-33		
76		创元期货	1,022		52		
77		英大期货	983		740		
78		倍特期货	979		361		
79		东兴期货	915		214		
80		迈科期货	908		156		
81		国金期货	868		-981		
82		上海东亚	856		561		
83		招金期货	826		-494		
84		中航期货	814		-268		
85		北京金鹏	783		442		
86		华融期货	782		-224		
87		平安期货	759		306		
88		国元期货	656		-22		
89		神华期货	645		334		
90		福能期货	630		-193		
91		广州期货	627		361		
92		海航东银	623		255		
93		首创京都	523		133		
94		和合期货	495		15		
95		恒泰期货	470		166		
96		铜冠金源	470		67		
97		华西期货	388		-205		
98		新疆天利	374		350		
99		南证期货	342		199		
100		大有期货	335		161		
101		大连良运	327		115		
102		东吴期货	324		-19		
103		山金期货	315		305		
104		民生期货	307		127		
105		长安期货	288		-513		
106		湖南金信	267		170		
107		中银国际	258		109		
108		德盛期货	245		-296		
109		山西三立	244		208		
110		先融期货	242		-9		
111		中原期货	221		32		
112		财达期货	209		81		
113		大通期货	205		156		
114		云晨期货	185		151		
115		金石期货	182		-171		
116		红塔期货	167		106		
117		道通期货	158		153		
118		海证期货	148		-846		
119		锦泰期货	138		-506		
120		西南期货	136		-125		
121		晟鑫期货	123		51		
122		新晟期货	122		44		
123		河北恒银	111		-73		
124		银建期货	103		-57		
125		九州期货	101		101		
126		中钢期货	100		-241		
127		天富期货	97		62		
128		江信国盛	95		-181		
129		江苏东华	90		12		
130		文峰期货	88		31		
131		华闻期货	73		-28		
132		国富期货	68		7		
133		深圳金汇	57		-20		
134		第一创业	44		26		
135		华创期货	39		-69		
136		鑫鼎盛期货	34		29		
137		华龙期货	31		-39		
138		盛达期货	29		25		
139		通惠期货	29		9		
140		天鸿期货	23		23		
141		中金期货	15		-211		
142		和融期货	6		-45		
143		金谷期货	1		1		
总计				405,020		115,460		

名次		会员简称	持买单量	增减		
1		华泰期货	19,498		-4,460		
2		中投期货	18,518		112		
3		永安期货	10,913		1,029		
4		中粮期货	9,696		405		
5		中信期货	9,675		761		
6		国投期货	6,747		-822		
7		新湖期货	6,338		491		
8		方正中期	5,472		-2,865		
9		国金期货	5,357		-37		
10		摩根大通	5,194		0		
11		东航期货	4,724		629		
12		华信万达	4,580		-767		
13		海通期货	4,456		-2,771		
14		混沌天成	4,302		1,079		
15		兴业期货	3,872		1,484		
16		兴证期货	3,769		1,566		
17		国泰君安	3,335		-322		
18		中金期货	3,062		0		
19		南华期货	2,847		774		
20		银河期货	2,744		-7		
21		信达期货	2,677		4		
22		五矿经易	2,625		-84		
23		中信建投	2,252		467		
24		光大期货	2,237		597		
25		徽商期货	2,186		1,113		
26		广发期货	2,160		-2,821		
27		申银万国	2,157		11		
28		海证期货	2,060		1		
29		安粮期货	2,053		-422		
30		浙商期货	1,899		-92		
31		东证期货	1,780		241		
32		国联期货	1,777		1,219		
33		国信期货	1,679		201		
34		首创京都	1,476		-359		
35		瑞达期货	1,467		-721		
36		宝城期货	1,388		-132		
37		东方汇金	1,268		663		
38		鲁证期货	1,261		365		
39		中国国际	1,258		21		
40		上海中期	1,236		20		
41		中大期货	1,213		-453		
42		中辉期货	1,156		194		
43		北京首创	1,138		-1,595		
44		东海期货	1,083		855		
45		格林大华	1,071		334		
46		汇鑫期货	1,051		429		
47		西部期货	1,045		-408		
48		平安期货	922		-121		
49		宏源期货	921		173		
50		弘业期货	910		192		
51		上海大陆	897		811		
52		江西瑞奇	855		649		
53		天风期货	849		825		
54		国海良时	846		249		
55		长江期货	774		-375		
56		美尔雅期货	730		290		
57		金瑞期货	698		256		
58		一德期货	691		182		
59		中融汇信	644		-367		
60		恒泰期货	638		241		
61		广永期货	574		-1,442		
62		倍特期货	548		81		
63		海航东银	542		152		
64		中衍期货	500		32		
65		大地期货	489		182		
66		江苏新纪元	483		107		
67		大越期货	468		94		
68		金元期货	465		220		
69		招金期货	443		256		
70		招商期货	432		-18		
71		渤海期货	427		37		
72		深圳瑞龙	381		63		
73		国贸期货	366		50		
74		东吴期货	354		27		
75		锦泰期货	334		-1		
76		山金期货	328		307		
77		福能期货	318		98		
78		英大期货	302		36		
79		创元期货	300		98		
80		华鑫期货	295		-1,180		
81		德盛期货	285		61		
82		国富期货	237		-18		
83		上海中财	231		7		
84		大有期货	230		113		
85		中州期货	210		47		
86		浙江新世纪	210		74		
87		华融期货	203		85		
88		国元期货	200		43		
89		华联期货	192		19		
90		山西三立	189		175		
91		大连良运	189		-9		
92		长安期货	178		23		
93		广州期货	172		-1		
94		津投期货	164		-306		
95		云晨期货	153		-29		
96		冠通期货	152		49		
97		中航期货	149		-95		
98		建信期货	148		-65		
99		和合期货	144		-50		
100		华安期货	138		6		
101		华西期货	126		41		
102		民生期货	122		75		
103		迈科期货	114		83		
104		新疆天利	109		62		
105		华创期货	105		4		
106		南证期货	104		-153		
107		中钢期货	97		-11		
108		晟鑫期货	94		5		
109		上海东亚	93		85		
110		国都期货	92		22		
111		金石期货	90		23		
112		东兴期货	89		8		
113		天富期货	87		3		
114		中银国际	85		73		
115		北京金鹏	84		-22		
116		神华期货	82		11		
117		中原期货	67		-7		
118		西南期货	64		19		
119		江苏东华	59		30		
120		新晟期货	58		7		
121		河北恒银	54		-17		
122		先融期货	52		8		
123		华龙期货	48		15		
124		和融期货	43		3		
125		红塔期货	43		-3		
126		湖南金信	40		12		
127		银建期货	37		12		
128		财达期货	29		10		
129		同信久恒	28		-105		
130		集成期货	27		7		
131		华闻期货	25		4		
132		铜冠金源	25		23		
133		通惠期货	25		5		
134		鑫鼎盛期货	22		11		
135		文峰期货	21		-1		
136		盛达期货	19		19		
137		大通期货	14		-41		
138		深圳金汇	13		-3		
139		道通期货	11		6		
140		第一创业	11		10		
141		天鸿期货	10		-1		
142		江信国盛	3		-4		
143		上海浙石	2		0		
144		九州期货	2		1		
145		黑龙江时代	1		0		
146		金谷期货	1		0		
总计				204,677		-1,411		

名次		会员简称	持卖单量	增减		
1		中粮期货	20,949		-29		
2		东证期货	16,678		-430		
3		永安期货	15,969		631		
4		国投期货	11,891		2,353		
5		光大期货	11,836		1,225		
6		海通期货	7,176		204		
7		建信期货	7,126		158		
8		东航期货	6,346		-344		
9		中信期货	6,247		-882		
10		广发期货	6,147		-3,007		
11		鲁证期货	5,883		1,551		
12		方正中期	5,229		1,296		
13		申银万国	4,081		-745		
14		徽商期货	3,864		539		
15		华信万达	3,780		-1		
16		华泰期货	3,733		-44		
17		西部期货	3,584		-256		
18		国泰君安	3,056		806		
19		兴证期货	3,026		-1,646		
20		新湖期货	2,896		-186		
21		瑞达期货	2,881		-265		
22		金瑞期货	2,671		-21		
23		五矿经易	2,376		65		
24		中国国际	2,080		-498		
25		银河期货	2,018		-161		
26		浙江新世纪	1,896		289		
27		浙商期货	1,804		39		
28		大地期货	1,735		-58		
29		信达期货	1,725		117		
30		长江期货	1,618		-281		
31		安粮期货	1,531		121		
32		南华期货	1,387		-719		
33		国贸期货	1,229		1,112		
34		格林大华	1,176		14		
35		一德期货	1,161		-8		
36		国联期货	1,062		-75		
37		宏源期货	1,022		105		
38		东方汇金	1,007		-28		
39		北京首创	991		-90		
40		中大期货	948		394		
41		财达期货	909		-5		
42		混沌天成	884		205		
43		宝城期货	854		-62		
44		中融汇信	816		-278		
45		中金期货	784		15		
46		中辉期货	760		24		
47		招金期货	737		-28		
48		冠通期货	662		-62		
49		江西瑞奇	644		73		
50		东海期货	590		-90		
51		国海良时	588		26		
52		中信建投	582		35		
53		弘业期货	575		-217		
54		美尔雅期货	574		71		
55		国信期货	565		-85		
56		招商期货	561		-44		
57		汇鑫期货	557		-192		
58		深圳瑞龙	548		274		
59		津投期货	523		301		
60		上海中期	507		-14		
61		创元期货	497		20		
62		中投期货	459		-131		
63		上海中财	432		-5		
64		英大期货	431		137		
65		华安期货	420		-357		
66		江苏东华	401		-8		
67		江苏新纪元	363		-66		
68		中衍期货	354		-89		
69		国都期货	307		-6		
70		大越期货	303		144		
71		天鸿期货	270		0		
72		新疆天利	260		40		
73		大连良运	260		152		
74		金元期货	248		-209		
75		迈科期货	242		-51		
76		广州期货	241		-24		
77		渤海期货	227		184		
78		中航期货	200		3		
79		神华期货	194		-20		
80		中原期货	161		-4		
81		江信国盛	160		-3		
82		新晟期货	159		25		
83		广永期货	154		57		
84		海证期货	147		1		
85		锦泰期货	145		-37		
86		倍特期货	140		50		
87		长安期货	137		-77		
88		上海大陆	137		-30		
89		德盛期货	112		40		
90		华西期货	108		29		
91		湖南金信	106		-3		
92		平安期货	105		-450		
93		福能期货	103		-74		
94		天风期货	102		-41		
95		金石期货	100		-5		
96		海航东银	91		-35		
97		集成期货	90		29		
98		南证期货	88		-1		
99		东吴期货	85		-19		
100		首创京都	80		34		
101		中钢期货	79		-3		
102		国元期货	77		-61		
103		华融期货	74		-47		
104		西南期货	72		-1		
105		国金期货	70		-159		
106		中州期货	69		-1		
107		华闻期货	68		-1		
108		大有期货	68		-60		
109		恒泰期货	59		-11		
110		山金期货	59		0		
111		兴业期货	56		15		
112		华鑫期货	37		-30		
113		银建期货	31		5		
114		通惠期货	24		12		
115		同信久恒	21		-285		
116		深圳金汇	16		4		
117		东兴期货	15		9		
118		华联期货	14		-14		
119		民生期货	14		4		
120		北京金鹏	13		-19		
121		先融期货	10		-2		
122		铜冠金源	10		-33		
123		鑫鼎盛期货	10		-1		
124		上海东亚	9		-771		
125		中银国际	7		-7		
126		晟鑫期货	7		-2		
127		红塔期货	6		-8		
128		第一创业	5		0		
129		和合期货	5		-51		
130		华龙期货	4		0		
131		河北恒银	3		0		
132		文峰期货	3		-1		
133		天富期货	2		-8		
134		和融期货	1		1		
135		大通期货	1		-150		
136		山西三立	1		1		
137		华创期货	1		-5		
138		上海浙石	1		0		
139		盛达期货	1		0		
140		云晨期货	0		-118		
141		国富期货	0		-4		
142		金谷期货	0		-1		
总计				204,677		-1,411		



会员类别	总成交量	增减		
期货公司会员	405,020		115,460		
非期货公司会员	0		0		

会员类别	总持买单量	增减		
期货公司会员	204,677		-1,411		
非期货公司会员	0		0		

会员类别	总持卖单量	增减		
期货公司会员	204,677		-1,411		
非期货公司会员	0		0		

