								大连商品交易所 成交量_买持仓_卖持仓排名	

品种代码：cs		Date：20160217	

			期货公司会员	

名次		会员简称	成交量		增减		
1		华泰期货	36,685		28,621		
2		永安期货	31,159		24,102		
3		海通期货	30,918		13,364		
4		申银万国	25,426		20,664		
5		华信万达	25,097		19,856		
6		中粮期货	25,053		21,583		
7		国投期货	24,840		22,175		
8		安粮期货	24,463		11,542		
9		国泰君安	22,809		10,807		
10		兴证期货	22,421		7,973		
11		中信期货	21,898		10,389		
12		华鑫期货	21,692		18,671		
13		东航期货	16,193		8,430		
14		光大期货	15,104		11,597		
15		银河期货	14,250		7,343		
16		方正中期	13,810		9,103		
17		广发期货	11,901		6,506		
18		东证期货	11,701		6,459		
19		徽商期货	10,724		6,037		
20		新湖期货	8,637		5,345		
21		国金期货	8,479		5,376		
22		中国国际	7,694		6,333		
23		北京首创	7,641		5,800		
24		中信建投	7,477		4,170		
25		南华期货	7,415		4,199		
26		广永期货	6,168		4,041		
27		混沌天成	6,102		3,128		
28		长江期货	6,015		5,232		
29		中大期货	6,007		4,776		
30		国联期货	5,948		4,562		
31		华安期货	5,671		3,185		
32		集成期货	5,593		2,799		
33		格林大华	5,514		4,895		
34		弘业期货	5,458		3,762		
35		鲁证期货	5,404		2,965		
36		浙商期货	5,374		1,932		
37		天鸿期货	5,217		4,399		
38		金元期货	5,185		4,337		
39		大地期货	4,411		3,540		
40		中投期货	4,185		2,880		
41		同信久恒	3,963		2,126		
42		美尔雅期货	3,928		2,102		
43		中辉期货	3,657		1,742		
44		创元期货	3,614		1,752		
45		东海期货	3,589		2,830		
46		建信期货	3,428		2,275		
47		宏源期货	3,344		849		
48		迈科期货	3,277		2,683		
49		中衍期货	3,264		1,696		
50		一德期货	3,133		998		
51		国信期货	3,121		1,827		
52		宝城期货	2,983		464		
53		国海良时	2,821		2,224		
54		上海东亚	2,790		1,452		
55		国都期货	2,644		1,372		
56		上海中期	2,592		855		
57		中原期货	2,512		2,033		
58		信达期货	2,353		1,429		
59		冠通期货	2,348		1,667		
60		招商期货	2,271		647		
61		东吴期货	2,246		1,746		
62		五矿经易	2,241		1,076		
63		西部期货	1,933		1,349		
64		汇鑫期货	1,861		1,694		
65		大越期货	1,805		816		
66		国元期货	1,725		751		
67		大通期货	1,714		1,528		
68		北京金鹏	1,619		1,337		
69		瑞达期货	1,603		115		
70		天风期货	1,482		-7,590		
71		金瑞期货	1,442		1,173		
72		深圳瑞龙	1,357		599		
73		国贸期货	1,357		976		
74		浙江新世纪	1,326		668		
75		东方汇金	1,314		-790		
76		恒泰期货	1,221		1,012		
77		海航东银	1,204		1,096		
78		云晨期货	1,181		942		
79		英大期货	1,102		-1		
80		中航期货	1,057		611		
81		首创京都	1,042		738		
82		渤海期货	1,034		505		
83		锦泰期货	1,013		910		
84		倍特期货	925		127		
85		中州期货	894		704		
86		江西瑞奇	876		-16		
87		国富期货	856		761		
88		大有期货	774		232		
89		上海中财	754		79		
90		招金期货	719		479		
91		深圳金汇	621		371		
92		福能期货	607		105		
93		江苏新纪元	573		199		
94		华融期货	566		393		
95		上海浙石	561		-289		
96		铜冠金源	549		207		
97		海证期货	529		383		
98		津投期货	510		269		
99		南证期货	505		213		
100		神华期货	482		61		
101		大连良运	480		-703		
102		华西期货	480		167		
103		山西三立	473		441		
104		湖南金信	469		403		
105		金石期货	466		353		
106		晟鑫期货	465		278		
107		广州期货	451		156		
108		中银国际	436		-273		
109		河北恒银	430		261		
110		中钢期货	420		359		
111		华联期货	383		93		
112		先融期货	353		-7		
113		上海大陆	319		-42		
114		长安期货	311		247		
115		德盛期货	309		5		
116		财达期货	308		195		
117		民生期货	290		199		
118		江苏东华	279		216		
119		东兴期货	275		256		
120		中金期货	255		174		
121		银建期货	248		26		
122		中融汇信	238		-277		
123		红塔期货	234		191		
124		华创期货	227		106		
125		平安期货	199		75		
126		道通期货	184		15		
127		和合期货	163		18		
128		华闻期货	128		78		
129		新晟期货	127		119		
130		西南期货	92		64		
131		华龙期货	75		66		
132		新疆天利	68		53		
133		天富期货	61		-34		
134		文峰期货	48		22		
135		鑫鼎盛期货	46		5		
136		第一创业	36		36		
137		兴业期货	32		-23		
138		通惠期货	31		4		
139		江信国盛	23		0		
140		金谷期货	22		-76		
141		九州期货	10		10		
142		盛达期货	8		2		
143		和融期货	7		2		
144		山金期货	2		-40		
总计				652,512		404,660		

名次		会员简称	持买单量	增减		
1		中粮期货	43,683		7,288		
2		华鑫期货	30,490		21,270		
3		国泰君安	21,980		6,150		
4		永安期货	20,852		453		
5		方正中期	20,740		6,294		
6		中投期货	19,935		-2,117		
7		华信万达	18,736		1,240		
8		华泰期货	18,329		12,860		
9		中信期货	15,694		401		
10		国金期货	14,508		6,386		
11		海通期货	9,513		-2,427		
12		混沌天成	8,306		1,031		
13		北京首创	7,908		-704		
14		国投期货	7,486		1,531		
15		东航期货	7,021		-529		
16		同信久恒	5,909		318		
17		银河期货	5,855		-3,740		
18		申银万国	5,758		1,558		
19		新湖期货	5,640		-2,243		
20		光大期货	5,404		-2,044		
21		广发期货	5,239		2,233		
22		摩根大通	5,194		0		
23		宏源期货	3,899		52		
24		鲁证期货	3,353		190		
25		国信期货	3,277		-1,588		
26		一德期货	3,092		-53		
27		大地期货	3,001		969		
28		格林大华	2,813		-2,839		
29		兴证期货	2,813		-2,873		
30		浙商期货	2,751		-185		
31		东证期货	2,709		-36		
32		中信建投	2,690		1,136		
33		天风期货	2,429		-492		
34		中融汇信	2,031		-53		
35		安粮期货	2,012		-404		
36		国海良时	1,860		-386		
37		大连良运	1,808		13		
38		大越期货	1,698		363		
39		首创京都	1,654		-783		
40		金瑞期货	1,513		1,060		
41		五矿经易	1,512		-18		
42		英大期货	1,414		-24		
43		徽商期货	1,204		-250		
44		上海中期	1,182		-392		
45		大有期货	1,155		-159		
46		宝城期货	1,153		-54		
47		中辉期货	1,126		-315		
48		东吴期货	1,082		-694		
49		中国国际	1,077		-743		
50		南华期货	944		-1,712		
51		长江期货	933		-55		
52		瑞达期货	931		51		
53		恒泰期货	893		75		
54		国联期货	856		-1,112		
55		弘业期货	792		-282		
56		招商期货	745		-361		
57		浙江新世纪	735		-26		
58		国都期货	706		118		
59		建信期货	666		485		
60		中大期货	651		-485		
61		广永期货	619		294		
62		信达期货	576		-504		
63		福能期货	550		124		
64		美尔雅期货	547		-522		
65		东海期货	525		121		
66		东方汇金	473		-12		
67		中州期货	472		168		
68		创元期货	442		-25		
69		平安期货	431		-79		
70		迈科期货	423		-4		
71		中衍期货	399		142		
72		渤海期货	397		29		
73		中航期货	348		-13		
74		国贸期货	336		-14		
75		上海中财	317		24		
76		华西期货	313		-78		
77		锦泰期货	313		-436		
78		铜冠金源	300		32		
79		汇鑫期货	291		-147		
80		东兴期货	283		178		
81		倍特期货	278		39		
82		华安期货	277		-73		
83		西部期货	276		19		
84		津投期货	264		78		
85		海航东银	258		206		
86		冠通期货	252		76		
87		银建期货	242		206		
88		中钢期货	235		47		
89		华联期货	210		3		
90		集成期货	200		37		
91		红塔期货	194		-37		
92		上海大陆	191		-45		
93		招金期货	189		-43		
94		江西瑞奇	178		-311		
95		中原期货	177		21		
96		天鸿期货	175		140		
97		北京金鹏	155		26		
98		南证期货	154		80		
99		华融期货	123		-22		
100		国元期货	120		11		
101		国富期货	120		100		
102		金元期货	118		-84		
103		文峰期货	107		29		
104		深圳瑞龙	107		-105		
105		广州期货	101		-14		
106		和合期货	90		15		
107		江苏新纪元	89		-31		
108		中银国际	86		30		
109		湖南金信	81		-2		
110		河北恒银	78		68		
111		上海东亚	77		-454		
112		长安期货	66		48		
113		华闻期货	63		0		
114		兴业期货	63		3		
115		新晟期货	60		24		
116		神华期货	54		-11		
117		民生期货	53		2		
118		先融期货	53		-34		
119		金石期货	45		14		
120		山西三立	41		-15		
121		深圳金汇	37		29		
122		云晨期货	35		-1,040		
123		财达期货	33		-5		
124		海证期货	29		-185		
125		德盛期货	29		-5		
126		江苏东华	20		-35		
127		大通期货	18		5		
128		华创期货	16		-8		
129		西南期货	15		-15		
130		金谷期货	15		-2		
131		天富期货	12		-3		
132		黑龙江时代	9		0		
133		晟鑫期货	7		-23		
134		中金期货	5		-15		
135		盛达期货	5		-1		
136		山金期货	4		0		
137		江信国盛	3		-9		
138		第一创业	2		0		
139		华龙期货	1		-24		
140		鑫鼎盛期货	1		-12		
141		上海浙石	0		-30		
142		和融期货	0		-5		
143		新疆天利	0		-2		
144		道通期货	0		-2		
总计				383,691		41,279		

名次		会员简称	持卖单量	增减		
1		永安期货	37,213		1,760		
2		海通期货	28,516		3,059		
3		国投期货	23,792		-1,783		
4		申银万国	17,638		5,168		
5		华泰期货	14,428		1,291		
6		中粮期货	14,417		9,821		
7		东证期货	13,832		-545		
8		光大期货	12,294		-3,160		
9		银河期货	10,900		4,878		
10		国泰君安	10,358		-233		
11		格林大华	9,882		415		
12		浙商期货	9,771		47		
13		建信期货	9,761		661		
14		东航期货	9,086		1,748		
15		兴证期货	9,020		3,462		
16		中信期货	8,448		1,439		
17		北京首创	7,795		177		
18		宝城期货	7,243		-213		
19		国海良时	6,761		389		
20		新湖期货	6,082		552		
21		大地期货	5,526		44		
22		方正中期	4,669		-648		
23		广发期货	4,422		-1,088		
24		华鑫期货	4,336		0		
25		中金期货	4,216		240		
26		中国国际	3,782		303		
27		天鸿期货	3,690		-4,239		
28		华信万达	3,550		2,121		
29		弘业期货	3,391		2,486		
30		安粮期货	3,377		-295		
31		东兴期货	3,038		-1		
32		西部期货	3,001		408		
33		鲁证期货	2,567		554		
34		深圳瑞龙	2,344		86		
35		华联期货	2,334		142		
36		中信建投	2,276		855		
37		信达期货	2,222		643		
38		南华期货	2,172		737		
39		徽商期货	2,164		698		
40		国联期货	2,092		-4		
41		云晨期货	2,043		115		
42		中融汇信	1,999		-117		
43		迈科期货	1,864		745		
44		华安期货	1,785		240		
45		大通期货	1,757		1,247		
46		瑞达期货	1,616		192		
47		中航期货	1,577		468		
48		一德期货	1,505		1,240		
49		广永期货	1,369		-1,448		
50		五矿经易	1,310		301		
51		东海期货	1,281		700		
52		上海东亚	1,266		1,236		
53		倍特期货	1,217		256		
54		宏源期货	1,086		218		
55		道通期货	1,049		-74		
56		中大期货	971		46		
57		浙江新世纪	935		102		
58		红塔期货	893		3		
59		创元期货	871		233		
60		广州期货	848		147		
61		中衍期货	827		74		
62		金元期货	826		549		
63		混沌天成	820		805		
64		招商期货	780		376		
65		天风期货	776		594		
66		上海中期	767		16		
67		美尔雅期货	764		-50		
68		上海浙石	733		-469		
69		国元期货	729		568		
70		江苏新纪元	726		56		
71		山西三立	679		-26		
72		国都期货	644		182		
73		中辉期货	614		50		
74		长安期货	587		33		
75		恒泰期货	557		348		
76		华融期货	540		-16		
77		长江期货	530		166		
78		德盛期货	511		-4		
79		湖南金信	504		401		
80		国信期货	500		173		
81		冠通期货	484		24		
82		九州期货	475		10		
83		大连良运	465		151		
84		上海中财	426		22		
85		东方汇金	422		58		
86		中投期货	398		-100		
87		大有期货	385		-15		
88		英大期货	382		212		
89		东吴期货	361		234		
90		国贸期货	360		191		
91		福能期货	351		101		
92		山金期货	343		2		
93		新疆天利	335		-52		
94		同信久恒	307		263		
95		汇鑫期货	297		94		
96		上海大陆	270		-4		
97		北京金鹏	270		93		
98		大越期货	254		-442		
99		新晟期货	252		35		
100		海证期货	246		130		
101		金瑞期货	217		-18		
102		国金期货	210		-17		
103		招金期货	196		-34		
104		锦泰期货	194		9		
105		渤海期货	173		41		
106		中州期货	172		-172		
107		河北恒银	166		-14		
108		江西瑞奇	163		47		
109		中原期货	151		-19		
110		华西期货	141		-22		
111		华闻期货	135		64		
112		铜冠金源	131		85		
113		津投期货	128		22		
114		金石期货	127		-82		
115		深圳金汇	122		58		
116		中银国际	111		46		
117		平安期货	106		10		
118		集成期货	82		36		
119		江苏东华	80		32		
120		海航东银	70		-690		
121		南证期货	67		7		
122		西南期货	58		31		
123		国富期货	56		-756		
124		盛达期货	53		1		
125		神华期货	52		5		
126		第一创业	52		30		
127		首创京都	41		1		
128		中钢期货	40		-3		
129		通惠期货	36		-17		
130		华龙期货	32		1		
131		和合期货	25		-40		
132		鑫鼎盛期货	24		2		
133		民生期货	24		6		
134		天富期货	19		8		
135		先融期货	18		15		
136		银建期货	17		0		
137		华创期货	16		-29		
138		晟鑫期货	13		0		
139		江信国盛	10		2		
140		财达期货	8		1		
141		金谷期货	5		0		
142		兴业期货	5		-19		
143		文峰期货	0		-7		
总计				383,691		41,279		



会员类别	总成交量	增减		
期货公司会员	652,512		404,660		
非期货公司会员	0		0		

会员类别	总持买单量	增减		
期货公司会员	383,691		41,279		
非期货公司会员	0		0		

会员类别	总持卖单量	增减		
期货公司会员	383,691		41,279		
非期货公司会员	0		0		

