								大连商品交易所 成交量_买持仓_卖持仓排名	

品种代码：cs		Date：20160510	

			期货公司会员	

名次		会员简称	成交量		增减		
1		海通期货	16,682		-6,699		
2		兴证期货	12,584		752		
3		南华期货	11,495		-3,030		
4		安粮期货	11,190		288		
5		招商期货	10,650		-887		
6		东航期货	9,380		-5,597		
7		广发期货	8,740		-1,022		
8		中信期货	8,444		-1,490		
9		华泰期货	7,953		-1,259		
10		方正中期	7,631		-5,192		
11		国泰君安	7,441		-3,010		
12		光大期货	7,419		-1,301		
13		华信万达	6,041		-587		
14		国投期货	5,546		-1,173		
15		徽商期货	4,865		-1,198		
16		华安期货	4,715		741		
17		美尔雅期货	4,479		-42		
18		东证期货	4,095		1,799		
19		长江期货	3,999		3,170		
20		永安期货	3,904		-1,432		
21		中信建投	3,680		1,212		
22		银河期货	3,644		332		
23		广永期货	3,454		-385		
24		中国国际	2,986		849		
25		国都期货	2,945		1,006		
26		国海良时	2,810		-2,856		
27		申银万国	2,431		-1,603		
28		招金期货	2,224		1,239		
29		鲁证期货	2,220		-1,962		
30		宏源期货	2,148		-829		
31		中辉期货	2,105		1,269		
32		江苏东华	1,974		668		
33		新湖期货	1,966		-757		
34		华西期货	1,893		895		
35		天风期货	1,850		340		
36		中融汇信	1,837		-370		
37		中粮期货	1,811		305		
38		浙商期货	1,793		282		
39		宝城期货	1,613		-2,078		
40		江苏新纪元	1,585		1,266		
41		华鑫期货	1,498		555		
42		深圳瑞龙	1,482		999		
43		北京首创	1,424		654		
44		国元期货	1,394		273		
45		银建期货	1,374		1,332		
46		国金期货	1,370		-3,015		
47		渤海期货	1,337		-178		
48		江西瑞奇	1,307		580		
49		中衍期货	1,307		186		
50		东海期货	1,283		-606		
51		国信期货	1,258		357		
52		上海中期	1,240		-937		
53		创元期货	1,217		876		
54		中大期货	1,128		-457		
55		同信久恒	1,098		322		
56		海证期货	1,083		952		
57		大越期货	1,060		702		
58		信达期货	942		-315		
59		东方汇金	890		-264		
60		瑞达期货	862		-1,721		
61		海航期货	854		481		
62		北京金鹏	809		689		
63		一德期货	792		-1,050		
64		格林大华	775		-182		
65		中投期货	763		-43		
66		金石期货	721		226		
67		中航期货	680		239		
68		民生期货	675		417		
69		大地期货	661		-22		
70		浙江新世纪	634		282		
71		英大期货	613		25		
72		弘业期货	588		-126		
73		迈科期货	558		261		
74		第一创业	548		538		
75		集成期货	499		116		
76		五矿经易	493		30		
77		国联期货	484		244		
78		上海中财	476		22		
79		中州期货	471		95		
80		国富期货	466		15		
81		金瑞期货	422		-213		
82		德盛期货	416		199		
83		平安期货	413		-13		
84		冠通期货	399		-134		
85		文峰期货	397		342		
86		华融期货	390		-142		
87		铜冠金源	376		-897		
88		云晨期货	374		152		
89		国贸期货	371		115		
90		金元期货	361		-536		
91		倍特期货	340		-131		
92		先融期货	338		-72		
93		上海大陆	318		91		
94		南证期货	302		252		
95		西部期货	293		-470		
96		锦泰期货	290		-363		
97		建信期货	277		-1,501		
98		道通期货	270		-73		
99		西南期货	268		213		
100		和合期货	245		86		
101		东兴期货	242		87		
102		首创京都	232		-352		
103		汇鑫期货	217		-53		
104		混沌天成	206		-2		
105		华联期货	203		113		
106		新疆天利	200		184		
107		东吴期货	173		-181		
108		中原期货	172		40		
109		恒泰期货	166		-3		
110		津投期货	157		-302		
111		新晟期货	154		28		
112		长安期货	150		-70		
113		华创期货	147		-65		
114		福能期货	140		-218		
115		中金期货	137		123		
116		上海东亚	132		111		
117		广州期货	122		-77		
118		大连良运	113		74		
119		大有期货	107		-85		
120		天鸿期货	97		-1,914		
121		兴业期货	94		-163		
122		财达期货	89		-73		
123		神华期货	82		-80		
124		天富期货	56		12		
125		红塔期货	55		11		
126		大通期货	54		26		
127		中钢期货	51		-702		
128		湖南金信	48		-99		
129		中银国际	41		9		
130		河北恒银	35		2		
131		山西三立	35		-384		
132		金谷期货	35		27		
133		深圳金汇	34		15		
134		鑫鼎盛期货	28		21		
135		华龙期货	28		-12		
136		江信国盛	15		-22		
137		晟鑫期货	13		-297		
138		盛达期货	8		7		
139		华闻期货	6		-53		
140		东方期货	4		4		
141		和融期货	4		-43		
142		山金期货	2		2		
总计				252,280		-33,243		

名次		会员简称	持买单量	增减		
1		中信期货	14,014		-348		
2		华信万达	11,524		252		
3		广发期货	9,985		-351		
4		中粮期货	8,637		-9		
5		新湖期货	8,627		366		
6		中投期货	7,832		-48		
7		国投期货	7,796		-1,246		
8		华泰期货	7,730		899		
9		永安期货	7,295		-82		
10		东航期货	6,848		2		
11		海通期货	6,455		1,603		
12		混沌天成	5,455		84		
13		兴证期货	4,694		-159		
14		信达期货	4,203		40		
15		银河期货	4,185		678		
16		天风期货	4,063		-748		
17		方正中期	3,819		934		
18		中金期货	3,603		-135		
19		国泰君安	2,861		-431		
20		光大期货	2,328		470		
21		东证期货	2,308		1,050		
22		南华期货	2,073		-137		
23		渤海期货	2,028		777		
24		金石期货	1,999		-216		
25		国海良时	1,814		-905		
26		宏源期货	1,776		-115		
27		中国国际	1,733		-163		
28		鲁证期货	1,697		223		
29		建信期货	1,606		-13		
30		上海中期	1,425		133		
31		中融汇信	1,412		-43		
32		徽商期货	1,380		49		
33		中大期货	1,341		13		
34		国信期货	1,335		323		
35		瑞达期货	1,299		-4		
36		长江期货	1,195		-15		
37		宝城期货	1,170		530		
38		江西瑞奇	1,141		-15		
39		东海期货	1,116		-194		
40		平安期货	1,106		-66		
41		首创京都	1,103		100		
42		东方汇金	1,059		447		
43		中信建投	1,053		-59		
44		浙商期货	1,021		-1,052		
45		美尔雅期货	980		-1,911		
46		申银万国	912		-92		
47		大越期货	888		599		
48		安粮期货	877		136		
49		北京首创	832		-593		
50		上海东亚	812		-10		
51		广永期货	810		-260		
52		中辉期货	771		-53		
53		金瑞期货	753		-7		
54		海航期货	649		-226		
55		中州期货	634		5		
56		华鑫期货	587		539		
57		招金期货	565		-159		
58		西南期货	554		2		
59		云晨期货	554		98		
60		新疆天利	530		-200		
61		中衍期货	507		0		
62		弘业期货	493		-41		
63		兴业期货	471		-70		
64		国金期货	462		-93		
65		大连良运	417		69		
66		五矿经易	410		38		
67		一德期货	404		-24		
68		格林大华	399		-6		
69		倍特期货	363		-6		
70		大地期货	360		63		
71		英大期货	349		52		
72		西部期货	346		93		
73		中航期货	320		130		
74		民生期货	274		217		
75		江苏新纪元	270		-15		
76		海证期货	270		-128		
77		招商期货	260		13		
78		上海大陆	254		105		
79		国贸期货	249		3		
80		广州期货	246		-8		
81		财达期货	242		-11		
82		北京金鹏	231		85		
83		上海中财	216		64		
84		创元期货	209		-3		
85		德盛期货	206		-8		
86		金元期货	203		-18		
87		汇鑫期货	198		1		
88		津投期货	183		-25		
89		福能期货	157		15		
90		东吴期货	147		3		
91		华西期货	140		-71		
92		华龙期货	134		0		
93		国富期货	133		-42		
94		铜冠金源	133		6		
95		恒泰期货	131		7		
96		冠通期货	126		-7		
97		华安期货	120		46		
98		国联期货	113		-3		
99		华联期货	109		-7		
100		和合期货	103		22		
101		国元期货	101		-61		
102		东兴期货	99		4		
103		大有期货	96		31		
104		上海浙石	96		0		
105		浙江新世纪	92		-79		
106		晟鑫期货	81		-3		
107		红塔期货	79		4		
108		中钢期货	77		0		
109		锦泰期货	76		-33		
110		新晟期货	71		-103		
111		集成期货	71		-4		
112		南证期货	71		-3		
113		深圳瑞龙	69		27		
114		中银国际	66		-1		
115		华创期货	58		-3		
116		湖南金信	57		0		
117		华闻期货	56		-2		
118		华融期货	55		14		
119		长安期货	55		11		
120		神华期货	46		5		
121		山西三立	44		-1		
122		迈科期货	42		18		
123		天富期货	40		-27		
124		先融期货	34		9		
125		江苏东华	33		-696		
126		中原期货	32		-19		
127		国都期货	29		-11		
128		金谷期货	27		9		
129		江信国盛	26		0		
130		天鸿期货	23		11		
131		道通期货	15		2		
132		鑫鼎盛期货	15		6		
133		文峰期货	13		0		
134		银建期货	10		2		
135		河北恒银	10		-2		
136		第一创业	7		0		
137		同信久恒	7		7		
138		大通期货	6		-12		
139		山金期货	6		0		
140		和融期货	4		0		
141		深圳金汇	3		0		
142		黑龙江时代	2		0		
143		盛达期货	1		0		
总计				191,111		-167		

名次		会员简称	持卖单量	增减		
1		华泰期货	23,297		132		
2		国投期货	14,763		-1,808		
3		永安期货	13,302		530		
4		建信期货	11,667		152		
5		深圳瑞龙	7,110		657		
6		海通期货	6,598		-411		
7		东航期货	5,608		420		
8		广发期货	5,467		403		
9		鲁证期货	5,439		-49		
10		中信期货	4,845		36		
11		光大期货	4,344		207		
12		银河期货	4,287		-464		
13		方正中期	4,107		417		
14		瑞达期货	3,951		30		
15		中粮期货	3,711		90		
16		国泰君安	3,498		-52		
17		美尔雅期货	3,380		22		
18		申银万国	3,245		23		
19		五矿经易	3,195		21		
20		国海良时	3,037		253		
21		兴证期货	2,925		-585		
22		长江期货	2,643		2,228		
23		国金期货	2,445		-45		
24		天风期货	2,112		-484		
25		华信万达	2,041		-17		
26		南华期货	1,970		-52		
27		金石期货	1,882		-261		
28		招金期货	1,874		-135		
29		信达期货	1,810		-26		
30		财达期货	1,804		0		
31		天鸿期货	1,793		-80		
32		国联期货	1,507		9		
33		中国国际	1,437		3		
34		东方汇金	1,418		101		
35		同信久恒	1,314		-111		
36		安粮期货	1,273		-108		
37		中融汇信	1,239		-52		
38		招商期货	1,197		-27		
39		宝城期货	1,167		197		
40		中大期货	1,136		-27		
41		浙商期货	908		25		
42		东海期货	905		-151		
43		中信建投	904		-97		
44		混沌天成	857		-18		
45		弘业期货	809		5		
46		徽商期货	772		28		
47		格林大华	743		149		
48		国信期货	742		211		
49		创元期货	729		-28		
50		新湖期货	727		-86		
51		大地期货	669		24		
52		宏源期货	667		265		
53		上海中期	629		-11		
54		上海东亚	521		-104		
55		西部期货	508		-40		
56		上海浙石	495		0		
57		海航期货	452		-412		
58		上海中财	434		90		
59		海证期货	430		421		
60		广永期货	419		-174		
61		新疆天利	410		0		
62		长安期货	384		-25		
63		中投期货	373		231		
64		东证期货	373		-1		
65		中辉期货	365		-122		
66		一德期货	361		-30		
67		文峰期货	339		1		
68		德盛期货	304		20		
69		浙江新世纪	294		-143		
70		恒泰期货	275		-59		
71		北京金鹏	267		170		
72		中州期货	259		0		
73		西南期货	240		-134		
74		北京首创	199		-55		
75		中衍期货	197		21		
76		汇鑫期货	178		14		
77		金瑞期货	170		-1		
78		华融期货	161		-22		
79		倍特期货	161		-20		
80		国贸期货	160		16		
81		东吴期货	159		-104		
82		福能期货	158		-7		
83		华安期货	151		-15		
84		新晟期货	147		-1		
85		迈科期货	118		-42		
86		国都期货	116		0		
87		锦泰期货	102		41		
88		津投期货	101		14		
89		冠通期货	99		-30		
90		金元期货	97		-21		
91		湖南金信	95		8		
92		江苏新纪元	89		40		
93		华西期货	85		38		
94		渤海期货	80		-8		
95		银建期货	79		70		
96		中航期货	79		-12		
97		江西瑞奇	75		-200		
98		大有期货	73		-2		
99		英大期货	70		-11		
100		大越期货	57		3		
101		上海大陆	46		7		
102		国元期货	42		-1		
103		华联期货	42		16		
104		集成期货	35		-5		
105		铜冠金源	31		0		
106		和合期货	27		-31		
107		华创期货	25		20		
108		华闻期货	20		0		
109		兴业期货	19		-2		
110		中原期货	19		11		
111		红塔期货	17		1		
112		云晨期货	17		-2		
113		华鑫期货	12		-635		
114		江苏东华	10		-200		
115		鑫鼎盛期货	10		0		
116		神华期货	9		-31		
117		广州期货	8		-2		
118		民生期货	8		-38		
119		深圳金汇	6		0		
120		东兴期货	6		-2		
121		中银国际	5		-4		
122		华龙期货	5		0		
123		河北恒银	5		-1		
124		南证期货	5		3		
125		平安期货	4		-79		
126		晟鑫期货	4		0		
127		首创京都	3		-2		
128		江信国盛	3		3		
129		第一创业	2		0		
130		先融期货	2		-5		
131		九州期货	2		0		
132		大连良运	1		0		
133		中钢期货	1		-1		
134		国富期货	1		-2		
135		山西三立	1		-2		
136		金谷期货	0		-14		
137		天富期货	0		-25		
总计				191,111		-167		



会员类别	总成交量	增减		
期货公司会员	252,280		-33,243		
非期货公司会员	0		0		

会员类别	总持买单量	增减		
期货公司会员	191,111		-167		
非期货公司会员	0		0		

会员类别	总持卖单量	增减		
期货公司会员	191,111		-167		
非期货公司会员	0		0		

