								大连商品交易所 成交量_买持仓_卖持仓排名	

品种代码：cs		Date：20161114	

			期货公司会员	

名次		会员简称	成交量		增减		
1		海通期货	128,398		13,576		
2		安粮期货	63,688		10,946		
3		方正中期	58,815		33,178		
4		中信期货	50,575		14,937		
5		光大期货	49,399		27,495		
6		永安期货	41,187		-17,297		
7		广发期货	35,756		5,935		
8		华泰期货	32,349		-1,811		
9		东航期货	31,545		-3,866		
10		国泰君安	30,525		-882		
11		南华期货	29,906		13,317		
12		国投安信	28,769		4,879		
13		徽商期货	27,425		-210		
14		中粮期货	22,866		436		
15		招商期货	21,620		5,790		
16		广永期货	21,100		11,924		
17		华信万达	19,659		-598		
18		金元期货	18,935		12,773		
19		美尔雅期货	18,186		15,412		
20		兴证期货	18,090		4,871		
21		申银万国	17,953		7,425		
22		中信建投	16,204		-4,512		
23		金瑞期货	16,185		5,052		
24		海航期货	14,921		7,636		
25		弘业期货	14,550		1,716		
26		冠通期货	14,098		9,383		
27		国信期货	12,937		1,217		
28		国富期货	12,322		6,837		
29		集成期货	12,249		11,157		
30		华安期货	12,231		-2,378		
31		北京首创	11,907		-3,106		
32		浙商期货	11,675		284		
33		国海良时	11,575		5,006		
34		鲁证期货	11,130		648		
35		东证期货	10,973		-9,098		
36		银河期货	10,960		-3,140		
37		中国国际	10,705		-428		
38		新湖期货	10,083		1,467		
39		上海中期	10,076		1,902		
40		中融汇信	9,649		1,696		
41		宏源期货	9,520		1,208		
42		格林大华	9,515		772		
43		同信久恒	9,459		6,697		
44		中辉期货	9,088		2,619		
45		一德期货	8,967		1,001		
46		创元期货	8,852		1,837		
47		北京金鹏	8,020		2,987		
48		西部期货	7,956		2,318		
49		长江期货	7,780		-2,584		
50		迈科期货	7,726		-707		
51		大地期货	7,281		-593		
52		中衍期货	7,233		1,289		
53		瑞达期货	7,174		2,066		
54		国联期货	6,805		1,467		
55		信达期货	6,195		2,652		
56		深圳瑞龙	5,688		2,041		
57		上海大陆	5,612		-1,130		
58		中大期货	5,594		1,904		
59		东方汇金	5,450		2,641		
60		恒泰期货	4,792		118		
61		英大期货	4,597		733		
62		国元期货	4,502		-121		
63		国都期货	4,331		80		
64		建信期货	4,265		766		
65		国金期货	4,182		-2,860		
66		宝城期货	4,153		23		
67		浙江新世纪	4,142		-522		
68		华西期货	4,084		1,460		
69		铜冠金源	4,070		2,404		
70		五矿经易	4,022		-131		
71		上海中财	3,901		-5,240		
72		先融期货	3,746		712		
73		渤海期货	3,404		1,303		
74		华闻期货	3,388		2,219		
75		大越期货	3,199		1,206		
76		金石期货	3,174		2,156		
77		东海期货	3,171		988		
78		江苏新纪元	3,019		-1,836		
79		江西瑞奇	2,886		-102		
80		国贸期货	2,842		750		
81		中钢期货	2,651		1,973		
82		混沌天成	2,579		1,655		
83		福能期货	2,525		782		
84		倍特期货	2,516		480		
85		中航期货	2,486		-242		
86		锦泰期货	2,385		-1,209		
87		中投期货	2,202		-395		
88		汇鑫期货	2,143		1,385		
89		广州期货	2,128		926		
90		华鑫期货	1,980		-2,369		
91		华联期货	1,922		-743		
92		德盛期货	1,890		-1,052		
93		津投期货	1,757		-743		
94		平安期货	1,719		-205		
95		民生期货	1,667		88		
96		华融期货	1,661		-541		
97		招金期货	1,617		-1,857		
98		东吴期货	1,558		-1,751		
99		中银国际	1,509		-101		
100		东兴期货	1,373		-199		
101		深圳金汇	1,350		707		
102		新晟期货	1,342		81		
103		大连良运	1,326		-235		
104		华创期货	1,267		-2,370		
105		长安期货	1,223		152		
106		和合期货	1,191		884		
107		江苏东华	1,133		-894		
108		神华期货	1,127		-104		
109		天风期货	1,076		-157		
110		中州期货	1,066		-431		
111		首创京都	1,048		751		
112		大有期货	1,042		54		
113		中原期货	967		246		
114		中天期货	928		-511		
115		南证期货	903		-221		
116		文峰期货	710		-33		
117		山西三立	695		387		
118		海证期货	693		-401		
119		上海东亚	595		317		
120		金信期货	552		29		
121		财达期货	532		-507		
122		西南期货	494		77		
123		云晨期货	459		171		
124		九州期货	442		174		
125		道通期货	406		-5,280		
126		第一创业	399		95		
127		华龙期货	380		-706		
128		天富期货	321		-295		
129		河北恒银	295		81		
130		天鸿期货	291		-420		
131		通惠期货	290		-510		
132		鑫鼎盛期货	277		204		
133		大通期货	257		-326		
134		江信国盛	252		127		
135		红塔期货	246		-41		
136		晟鑫期货	188		-61		
137		中金期货	183		124		
138		盛达期货	166		77		
139		东方期货	162		156		
140		新疆天利	147		1		
141		兴业期货	142		-394		
142		华金期货	126		3		
143		黑龙江时代	108		29		
144		上海浙石	107		33		
145		山金期货	97		-130		
146		和融期货	38		19		
总计				1,292,268	208,994		

名次		会员简称	持买单量	增减		
1		永安期货	37,281		-1,136		
2		中信期货	25,062		91		
3		大地期货	17,977		-694		
4		华信万达	17,207		-438		
5		华泰期货	17,122		-4,626		
6		广发期货	15,252		-1,423		
7		国泰君安	14,522		-737		
8		东航期货	12,647		-2,140		
9		海航期货	12,168		7,420		
10		银河期货	10,763		-479		
11		海通期货	10,450		-4,245		
12		申银万国	10,311		-2,274		
13		鲁证期货	8,322		-1,580		
14		中国国际	8,266		-1,695		
15		方正中期	8,221		-618		
16		兴证期货	8,062		1,983		
17		五矿经易	7,947		323		
18		中粮期货	7,857		-67		
19		浙商期货	7,831		-1,537		
20		国海良时	6,551		473		
21		格林大华	6,252		-94		
22		广永期货	6,157		-611		
23		中金期货	6,034		-179		
24		国投安信	5,945		-1,384		
25		南华期货	5,907		-564		
26		国信期货	5,338		-326		
27		金瑞期货	5,305		340		
28		宏源期货	5,145		-416		
29		徽商期货	4,896		-2,067		
30		新湖期货	4,863		-298		
31		中信建投	4,704		-405		
32		西部期货	4,624		207		
33		上海中期	4,617		384		
34		迈科期货	4,283		111		
35		光大期货	3,967		-1,061		
36		国联期货	3,773		-239		
37		东吴期货	3,726		-382		
38		中银国际	3,665		-575		
39		信达期货	3,415		-475		
40		中投期货	3,301		-462		
41		招商期货	3,287		-1,689		
42		瑞达期货	3,228		-586		
43		英大期货	3,178		450		
44		华鑫期货	3,162		466		
45		东证期货	3,071		228		
46		长江期货	2,995		-2,088		
47		中辉期货	2,894		-1,651		
48		弘业期货	2,865		-4,357		
49		美尔雅期货	2,845		-738		
50		建信期货	2,743		128		
51		北京首创	2,686		-193		
52		大越期货	2,677		-1,937		
53		倍特期货	2,653		-620		
54		中大期货	2,593		-123		
55		宝城期货	2,560		-574		
56		一德期货	2,427		-867		
57		大有期货	2,377		-526		
58		国富期货	2,219		-818		
59		华西期货	2,183		262		
60		安粮期货	1,878		-904		
61		民生期货	1,877		-458		
62		金元期货	1,787		-366		
63		东海期货	1,783		-4		
64		锦泰期货	1,754		-240		
65		福能期货	1,712		471		
66		国贸期货	1,708		-553		
67		云晨期货	1,695		31		
68		江西瑞奇	1,693		-1,169		
69		中衍期货	1,656		-1,212		
70		上海大陆	1,645		390		
71		国金期货	1,308		-861		
72		华安期货	1,303		-342		
73		平安期货	1,288		173		
74		广州期货	1,265		-625		
75		先融期货	1,240		-117		
76		东兴期货	1,150		242		
77		深圳瑞龙	1,143		-376		
78		上海东亚	1,020		-147		
79		江苏新纪元	1,011		-355		
80		中航期货	1,002		-370		
81		创元期货	995		-43		
82		混沌天成	928		-90		
83		冠通期货	827		-742		
84		首创京都	811		368		
85		摩根大通	790		0		
86		国元期货	769		-614		
87		华创期货	762		-48		
88		渤海期货	760		-102		
89		南证期货	703		64		
90		浙江新世纪	687		-26		
91		华联期货	680		-454		
92		集成期货	661		-44		
93		德盛期货	632		-193		
94		招金期货	605		-89		
95		中原期货	598		-295		
96		上海中财	590		-491		
97		恒泰期货	575		-1,689		
98		天风期货	546		-391		
99		兴业期货	528		-11		
100		红塔期货	524		-38		
101		中天期货	515		-127		
102		江苏东华	488		-172		
103		汇鑫期货	448		81		
104		西南期货	429		-120		
105		中州期货	424		-79		
106		铜冠金源	392		-211		
107		海证期货	367		86		
108		第一创业	356		-86		
109		东方汇金	344		-164		
110		北京金鹏	332		-2,956		
111		新晟期货	323		-688		
112		华融期货	319		44		
113		华闻期货	315		-1,369		
114		河北恒银	278		-32		
115		长安期货	275		67		
116		鑫鼎盛期货	274		237		
117		九州期货	264		63		
118		神华期货	260		-79		
119		财达期货	240		-34		
120		中融汇信	239		-31		
121		天鸿期货	237		-13		
122		津投期货	231		-50		
123		同信久恒	193		-32		
124		金石期货	191		-185		
125		盛达期货	152		0		
126		山西三立	130		-3		
127		文峰期货	130		-18		
128		华龙期货	129		-77		
129		金信期货	129		-87		
130		山金期货	129		-9		
131		国都期货	124		-34		
132		道通期货	112		-298		
133		东方期货	100		100		
134		和合期货	85		23		
135		大连良运	82		-47		
136		中钢期货	79		-169		
137		深圳金汇	75		-281		
138		上海浙石	62		-7		
139		江信国盛	57		-76		
140		华金期货	39		-33		
141		黑龙江时代	26		0		
142		大通期货	25		-41		
143		晟鑫期货	22		-7		
144		通惠期货	21		-200		
145		天富期货	21		-69		
146		新疆天利	16		-21		
147		和融期货	4		-3		
总计				466,751		-56,055		

名次		会员简称	持卖单量	增减		
1		永安期货	51,338		-7,493		
2		国投安信	42,297		-3,297		
3		中粮期货	41,135		4,301		
4		申银万国	34,931		-2,745		
5		东证期货	26,376		1,291		
6		建信期货	24,757		-597		
7		弘业期货	19,367		179		
8		华泰期货	17,327		-1,983		
9		华信万达	16,932		-53		
10		鲁证期货	12,898		-1,090		
11		北京首创	12,154		-3,034		
12		光大期货	10,049		-6,720		
13		中国国际	9,764		-580		
14		中信期货	9,192		-3,236		
15		国泰君安	8,605		-786		
16		广发期货	8,317		-2,339		
17		深圳瑞龙	7,103		-8		
18		方正中期	5,464		-5,789		
19		东航期货	5,223		453		
20		国都期货	4,842		113		
21		宝城期货	4,755		85		
22		道通期货	4,633		0		
23		国海良时	4,602		626		
24		美尔雅期货	4,461		3,300		
25		创元期货	4,128		259		
26		新湖期货	4,001		-1,123		
27		首创京都	3,563		-88		
28		五矿经易	3,501		-173		
29		南华期货	3,390		-3,468		
30		迈科期货	3,269		-1,523		
31		广永期货	2,940		35		
32		兴证期货	2,917		-3,167		
33		海通期货	2,856		155		
34		浙商期货	2,635		-646		
35		宏源期货	2,316		78		
36		东方汇金	2,304		804		
37		金瑞期货	2,268		139		
38		大地期货	2,253		473		
39		上海中期	2,249		-232		
40		上海中财	2,200		-1,196		
41		锦泰期货	1,669		-293		
42		倍特期货	1,617		-122		
43		中钢期货	1,523		-400		
44		金石期货	1,508		801		
45		银河期货	1,490		-1,115		
46		国信期货	1,431		-361		
47		瑞达期货	1,413		-400		
48		西部期货	1,402		-23		
49		安粮期货	1,356		-428		
50		信达期货	1,240		-360		
51		徽商期货	1,172		440		
52		混沌天成	1,095		-875		
53		国金期货	1,035		-521		
54		中信建投	984		-123		
55		长安期货	984		-180		
56		冠通期货	824		-30		
57		长江期货	725		76		
58		一德期货	711		-56		
59		大有期货	702		30		
60		格林大华	698		5		
61		招金期货	672		-10		
62		华安期货	568		9		
63		海航期货	510		-3,965		
64		国联期货	478		210		
65		中航期货	392		158		
66		东吴期货	392		220		
67		中天期货	355		-13		
68		渤海期货	329		-28		
69		上海大陆	326		-1,492		
70		广州期货	292		-39		
71		中投期货	286		-394		
72		福能期货	242		-74		
73		国富期货	234		-132		
74		招商期货	232		-83		
75		华创期货	221		-1		
76		大连良运	221		-723		
77		国元期货	220		-68		
78		江苏新纪元	212		52		
79		中衍期货	211		21		
80		中大期货	201		-59		
81		同信久恒	196		-1,389		
82		东海期货	184		-487		
83		集成期货	159		55		
84		华西期货	153		-306		
85		大越期货	153		2		
86		浙江新世纪	128		-202		
87		金元期货	127		-1,293		
88		恒泰期货	119		23		
89		中原期货	119		-2		
90		神华期货	112		20		
91		华联期货	103		62		
92		华闻期货	94		-17		
93		英大期货	93		-61		
94		北京金鹏	87		72		
95		中辉期货	83		-29		
96		津投期货	81		-17		
97		国贸期货	81		-7		
98		上海东亚	80		0		
99		天风期货	78		-21		
100		德盛期货	60		7		
101		中州期货	56		-87		
102		深圳金汇	54		-5		
103		金信期货	54		-209		
104		新晟期货	53		46		
105		通惠期货	51		-4		
106		中银国际	49		-6		
107		江西瑞奇	49		17		
108		华鑫期货	46		-442		
109		江苏东华	44		-1		
110		第一创业	44		23		
111		西南期货	43		18		
112		华融期货	43		-109		
113		先融期货	43		7		
114		汇鑫期货	33		-992		
115		平安期货	31		-278		
116		山金期货	30		30		
117		南证期货	30		11		
118		民生期货	29		-1		
119		铜冠金源	29		21		
120		财达期货	22		-6		
121		和合期货	21		6		
122		新疆天利	20		-80		
123		东兴期货	18		-63		
124		红塔期货	15		-8		
125		天富期货	13		-20		
126		河北恒银	12		7		
127		云晨期货	7		2		
128		兴业期货	6		1		
129		华龙期货	5		-1		
130		海证期货	5		1		
131		山西三立	5		4		
132		中融汇信	4		-926		
133		文峰期货	3		0		
134		江信国盛	3		2		
135		华金期货	2		1		
136		晟鑫期货	2		1		
137		和融期货	1		-1		
138		盛达期货	1		0		
139		鑫鼎盛期货	0		-2		
140		九州期货	0		-1		
总计				466,751		-56,055		



会员类别	总成交量	增减		
期货公司会员	1,292,268	208,994		
非期货公司会员	0		0		

会员类别	总持买单量	增减		
期货公司会员	466,751		-56,055		
非期货公司会员	0		0		

会员类别	总持卖单量	增减		
期货公司会员	466,751		-56,055		
非期货公司会员	0		0		

