								大连商品交易所 成交量_买持仓_卖持仓排名	

品种代码：cs		Date：20160425	

			期货公司会员	

名次		会员简称	成交量		增减		
1		南华期货	35,824		-15,131		
2		海通期货	34,992		-27,712		
3		安粮期货	29,224		-14,221		
4		华泰期货	26,305		-6,720		
5		兴证期货	19,408		-16,907		
6		华信万达	16,678		1,275		
7		方正中期	15,986		-6,085		
8		国泰君安	15,426		-11,495		
9		华安期货	15,011		-11,181		
10		申银万国	12,999		-16,680		
11		东航期货	12,964		-17,679		
12		中信期货	12,888		-16,652		
13		广发期货	12,883		-15,900		
14		徽商期货	12,153		-7,522		
15		东海期货	10,540		-9,370		
16		永安期货	10,455		-10,537		
17		光大期货	9,832		-24,432		
18		中信建投	9,755		-5,251		
19		广永期货	8,551		-12,184		
20		国金期货	7,812		3,576		
21		国投期货	7,360		-12,428		
22		东证期货	7,178		-10,292		
23		新湖期货	6,360		-7,412		
24		中粮期货	6,210		-8,260		
25		国海良时	5,413		-2,516		
26		鲁证期货	4,874		-8,010		
27		宏源期货	4,731		-2,268		
28		中国国际	4,596		-8,482		
29		中辉期货	4,546		-5,408		
30		银河期货	4,448		-6,404		
31		招商期货	4,405		-1,905		
32		国联期货	3,380		-6,988		
33		中衍期货	3,145		-1,381		
34		创元期货	2,976		-2,517		
35		五矿经易	2,961		-4,852		
36		弘业期货	2,933		-2,537		
37		渤海期货	2,774		-1,548		
38		冠通期货	2,622		-13,210		
39		信达期货	2,514		-2,186		
40		瑞达期货	2,486		-1,131		
41		东方汇金	2,336		-4,236		
42		迈科期货	2,322		-1,836		
43		北京首创	2,310		-1,519		
44		东吴期货	2,295		-1,640		
45		国元期货	2,273		-2,713		
46		集成期货	2,211		-2,853		
47		宝城期货	2,113		-1,246		
48		中大期货	2,073		-5,334		
49		浙商期货	2,030		-5,107		
50		华鑫期货	1,997		-186		
51		美尔雅期货	1,955		-1,947		
52		长江期货	1,866		-1,390		
53		中投期货	1,860		-3,324		
54		西部期货	1,824		-1,773		
55		国信期货	1,771		-1,078		
56		广州期货	1,714		569		
57		国贸期货	1,686		358		
58		一德期货	1,603		-6,851		
59		海航东银	1,502		436		
60		同信久恒	1,431		-897		
61		天风期货	1,405		-654		
62		恒泰期货	1,367		-14		
63		国都期货	1,365		-1,596		
64		格林大华	1,363		-4,433		
65		中航期货	1,267		852		
66		金元期货	1,232		-1,601		
67		上海浙石	1,226		-1,960		
68		上海中期	1,084		-1,711		
69		津投期货	1,080		-560		
70		华西期货	1,068		-409		
71		平安期货	1,055		-200		
72		大越期货	1,025		-444		
73		深圳瑞龙	991		-1,194		
74		中融汇信	981		-4,607		
75		金石期货	977		204		
76		中原期货	960		-2,210		
77		北京金鹏	954		-1,729		
78		上海中财	889		-354		
79		招金期货	808		-1,527		
80		南证期货	739		-341		
81		江西瑞奇	728		-696		
82		新晟期货	704		-300		
83		德盛期货	701		-234		
84		锦泰期货	680		-1,029		
85		和合期货	641		317		
86		汇鑫期货	636		-988		
87		大地期货	624		-2,820		
88		倍特期货	623		-397		
89		海证期货	605		89		
90		铜冠金源	572		-662		
91		江苏新纪元	563		-1,841		
92		福能期货	553		-243		
93		银建期货	542		56		
94		建信期货	536		-7,785		
95		云晨期货	534		-1,032		
96		中州期货	477		-1,053		
97		山金期货	474		339		
98		英大期货	465		-689		
99		大连良运	453		-448		
100		财达期货	453		-387		
101		长安期货	453		-178		
102		华融期货	429		-972		
103		华联期货	387		-1,468		
104		华闻期货	366		114		
105		天鸿期货	366		64		
106		金瑞期货	341		-878		
107		浙江新世纪	335		-307		
108		中钢期货	314		-458		
109		混沌天成	311		-8,191		
110		大有期货	308		-769		
111		西南期货	304		-742		
112		上海东亚	289		-329		
113		上海大陆	279		-1,305		
114		神华期货	277		-111		
115		新疆天利	265		-444		
116		华龙期货	246		-148		
117		民生期货	225		-264		
118		晟鑫期货	218		55		
119		天富期货	200		70		
120		文峰期货	192		-74		
121		先融期货	168		-124		
122		河北恒银	163		-73		
123		江苏东华	156		-11		
124		国富期货	148		-277		
125		湖南金信	136		-402		
126		第一创业	132		89		
127		江信国盛	132		116		
128		红塔期货	122		-543		
129		首创京都	118		-95		
130		东兴期货	114		-859		
131		兴业期货	103		-2,265		
132		山西三立	94		-260		
133		华创期货	89		-254		
134		深圳金汇	63		-147		
135		道通期货	58		-584		
136		中金期货	43		-83		
137		大通期货	41		-138		
138		盛达期货	40		-885		
139		中银国际	40		-573		
140		鑫鼎盛期货	27		-33		
141		金谷期货	24		-18		
142		黑龙江时代	8		3		
143		和融期货	2		-1		
总计				496,296		-461,153	

名次		会员简称	持买单量	增减		
1		中信期货	19,104		1,756		
2		华泰期货	16,641		898		
3		东航期货	10,250		291		
4		国投期货	9,090		2,141		
5		兴业期货	8,556		26		
6		方正中期	8,465		5,712		
7		中投期货	7,581		-110		
8		广发期货	7,571		883		
9		海通期货	7,213		2,195		
10		永安期货	6,600		-4,060		
11		华信万达	6,471		-998		
12		国泰君安	5,513		-136		
13		中粮期货	5,372		-3,038		
14		中银国际	4,509		3		
15		国金期货	4,392		3,977		
16		中金期货	3,888		-43		
17		新湖期货	3,361		623		
18		海证期货	3,303		521		
19		兴证期货	3,286		494		
20		银河期货	3,216		1,283		
21		中大期货	3,147		97		
22		国海良时	2,752		-271		
23		信达期货	2,682		-1,093		
24		北京首创	2,657		-736		
25		光大期货	2,550		785		
26		中国国际	2,512		-457		
27		南华期货	2,470		37		
28		申银万国	2,175		-130		
29		混沌天成	2,112		-63		
30		国信期货	2,053		-166		
31		徽商期货	2,018		581		
32		浙商期货	1,955		-118		
33		中信建投	1,827		49		
34		东方汇金	1,710		305		
35		平安期货	1,679		164		
36		一德期货	1,649		13		
37		东海期货	1,646		-481		
38		五矿经易	1,625		952		
39		鲁证期货	1,584		-116		
40		中衍期货	1,333		362		
41		东证期货	1,295		-887		
42		瑞达期货	1,287		59		
43		华鑫期货	1,223		687		
44		上海中期	1,209		110		
45		长江期货	1,181		-104		
46		建信期货	1,036		125		
47		西部期货	1,011		331		
48		东兴期货	984		-2		
49		格林大华	967		246		
50		宏源期货	821		-298		
51		宝城期货	812		148		
52		迈科期货	795		328		
53		弘业期货	726		-315		
54		江西瑞奇	670		149		
55		锦泰期货	646		-265		
56		上海东亚	630		123		
57		招商期货	592		-30		
58		中辉期货	586		-639		
59		招金期货	579		86		
60		大地期货	575		183		
61		倍特期货	564		133		
62		中州期货	557		194		
63		首创京都	557		0		
64		国联期货	550		-977		
65		大越期货	538		267		
66		国元期货	521		-265		
67		福能期货	480		-47		
68		广州期货	456		2		
69		西南期货	430		6		
70		华安期货	425		-289		
71		山西三立	405		8		
72		新疆天利	401		201		
73		美尔雅期货	377		24		
74		中钢期货	372		-4		
75		英大期货	371		40		
76		国富期货	351		-25		
77		江苏新纪元	346		-8		
78		深圳瑞龙	324		16		
79		广永期货	318		218		
80		安粮期货	315		-6		
81		国贸期货	311		75		
82		天风期货	306		-401		
83		铜冠金源	294		142		
84		金石期货	279		242		
85		创元期货	277		114		
86		德盛期货	272		-11		
87		汇鑫期货	271		-16		
88		大连良运	269		161		
89		北京金鹏	269		-2		
90		华西期货	267		-71		
91		中融汇信	245		-62		
92		南证期货	242		11		
93		金元期货	214		11		
94		金瑞期货	207		-57		
95		中航期货	186		38		
96		华融期货	183		46		
97		上海浙石	181		20		
98		东吴期货	177		-215		
99		山金期货	175		151		
100		华龙期货	173		-25		
101		长安期货	158		69		
102		摩根大通	158		0		
103		冠通期货	145		7		
104		深圳金汇	141		9		
105		海航东银	139		-190		
106		渤海期货	137		-35		
107		浙江新世纪	137		-25		
108		大有期货	134		42		
109		华闻期货	132		-8		
110		神华期货	128		-8		
111		上海大陆	126		-5		
112		津投期货	120		-37		
113		民生期货	119		34		
114		新晟期货	102		-45		
115		恒泰期货	101		-949		
116		集成期货	101		66		
117		江苏东华	92		8		
118		华联期货	86		4		
119		湖南金信	81		-20		
120		天富期货	81		-38		
121		红塔期货	75		44		
122		和合期货	73		19		
123		金谷期货	71		14		
124		华创期货	70		-1		
125		银建期货	62		-31		
126		中原期货	55		-3		
127		国都期货	52		-1		
128		财达期货	47		-1		
129		天鸿期货	41		35		
130		和融期货	40		-1		
131		江信国盛	39		0		
132		上海中财	37		5		
133		先融期货	36		-6		
134		文峰期货	29		2		
135		同信久恒	19		-113		
136		第一创业	17		-15		
137		河北恒银	14		1		
138		云晨期货	13		-303		
139		鑫鼎盛期货	10		1		
140		盛达期货	6		1		
141		道通期货	6		4		
142		大通期货	5		-6		
143		黑龙江时代	4		4		
144		晟鑫期货	4		0		
145		九州期货	1		0		
总计				220,843		10,334		

名次		会员简称	持卖单量	增减		
1		国投期货	26,327		2,133		
2		中粮期货	21,038		1,518		
3		华泰期货	20,158		4,839		
4		永安期货	11,634		705		
5		东证期货	11,346		995		
6		光大期货	8,275		133		
7		建信期货	7,727		-171		
8		海通期货	6,865		2,091		
9		东航期货	6,460		163		
10		鲁证期货	5,909		104		
11		中信期货	5,527		658		
12		瑞达期货	4,978		483		
13		华信万达	4,971		246		
14		广发期货	4,947		434		
15		申银万国	4,622		1,753		
16		美尔雅期货	3,954		231		
17		安粮期货	3,616		2,128		
18		宝城期货	3,561		261		
19		国泰君安	3,486		202		
20		国海良时	3,375		216		
21		北京首创	2,872		386		
22		中国国际	2,666		365		
23		五矿经易	2,646		153		
24		财达期货	2,461		358		
25		信达期货	2,392		51		
26		方正中期	1,873		-4,942		
27		徽商期货	1,798		-142		
28		浙商期货	1,781		-502		
29		招金期货	1,587		110		
30		中投期货	1,525		794		
31		国联期货	1,495		-935		
32		南华期货	1,422		53		
33		东方汇金	1,342		107		
34		兴证期货	1,270		-256		
35		新湖期货	1,191		-2,587		
36		广永期货	1,068		553		
37		上海浙石	1,060		50		
38		中信建投	1,023		16		
39		银河期货	979		15		
40		东海期货	920		-187		
41		中大期货	807		30		
42		创元期货	766		-16		
43		同信久恒	738		60		
44		大地期货	733		-5		
45		中钢期货	722		-20		
46		混沌天成	717		-4		
47		上海中期	707		100		
48		宏源期货	630		11		
49		长江期货	628		134		
50		国信期货	601		43		
51		招商期货	568		9		
52		津投期货	515		123		
53		北京金鹏	509		0		
54		格林大华	484		-165		
55		上海中财	455		4		
56		新疆天利	430		0		
57		国金期货	420		-2,325		
58		英大期货	414		-67		
59		华鑫期货	414		300		
60		大越期货	405		308		
61		浙江新世纪	378		230		
62		中辉期货	331		-451		
63		福能期货	304		-12		
64		长安期货	300		-70		
65		弘业期货	292		148		
66		西部期货	277		-219		
67		华安期货	257		72		
68		银建期货	252		89		
69		金瑞期货	235		76		
70		天鸿期货	227		1		
71		德盛期货	223		-12		
72		冠通期货	215		35		
73		江苏新纪元	207		103		
74		一德期货	193		70		
75		深圳瑞龙	178		65		
76		东吴期货	162		24		
77		国元期货	162		-4		
78		广州期货	154		2		
79		新晟期货	150		13		
80		倍特期货	146		30		
81		海航东银	140		-190		
82		汇鑫期货	140		-4		
83		金石期货	136		31		
84		南证期货	130		50		
85		中衍期货	128		21		
86		迈科期货	126		-24		
87		平安期货	111		3		
88		华西期货	105		11		
89		中航期货	103		9		
90		大连良运	96		36		
91		湖南金信	96		14		
92		恒泰期货	92		34		
93		国都期货	85		44		
94		中州期货	71		-7		
95		华融期货	69		13		
96		华联期货	68		15		
97		中融汇信	61		-133		
98		渤海期货	54		-17		
99		兴业期货	42		27		
100		江西瑞奇	41		-37		
101		西南期货	41		-54		
102		河北恒银	36		4		
103		上海大陆	30		-16		
104		中原期货	28		17		
105		天富期货	26		-44		
106		国贸期货	26		7		
107		民生期货	25		13		
108		锦泰期货	25		1		
109		东兴期货	24		2		
110		集成期货	23		-13		
111		神华期货	22		3		
112		山西三立	21		6		
113		文峰期货	20		20		
114		盛达期货	15		15		
115		海证期货	15		0		
116		首创京都	12		0		
117		红塔期货	11		0		
118		晟鑫期货	11		6		
119		鑫鼎盛期货	10		0		
120		云晨期货	9		1		
121		大有期货	9		2		
122		铜冠金源	9		-2		
123		金元期货	8		-17		
124		江苏东华	8		-4		
125		道通期货	6		0		
126		大通期货	5		5		
127		九州期货	4		0		
128		和合期货	4		-32		
129		天风期货	3		-750		
130		第一创业	3		1		
131		国富期货	2		-1		
132		金谷期货	2		0		
133		中银国际	2		-5		
134		先融期货	1		-10		
135		华龙期货	0		-1		
136		和融期货	0		-1		
137		山金期货	0		-7		
总计				220,843		10,334		



会员类别	总成交量	增减		
期货公司会员	496,296		-461,153	
非期货公司会员	0		0		

会员类别	总持买单量	增减		
期货公司会员	220,843		10,334		
非期货公司会员	0		0		

会员类别	总持卖单量	增减		
期货公司会员	220,843		10,334		
非期货公司会员	0		0		

