								大连商品交易所 成交量_买持仓_卖持仓排名	

品种代码：cs		Date：20160720	

			期货公司会员	

名次		会员简称	成交量		增减		
1		永安期货	18,173		10,694		
2		海通期货	17,492		-1,442		
3		兴证期货	13,762		6,421		
4		东航期货	13,149		697		
5		华泰期货	12,233		1,113		
6		中信期货	11,797		2,473		
7		国泰君安	10,949		-3,555		
8		徽商期货	10,822		153		
9		方正中期	9,271		187		
10		华信万达	9,088		1,165		
11		广发期货	8,117		1,992		
12		光大期货	6,871		2,135		
13		南华期货	6,413		722		
14		国投安信	5,533		1,278		
15		东证期货	5,186		-2,048		
16		安粮期货	4,880		845		
17		申银万国	4,833		629		
18		银河期货	4,533		1,346		
19		招商期货	4,486		-955		
20		国海良时	4,380		2,460		
21		中信建投	4,029		715		
22		中辉期货	3,819		2,150		
23		广永期货	3,783		369		
24		金瑞期货	3,346		821		
25		西部期货	3,328		1,916		
26		鲁证期货	2,785		-1,369		
27		广州期货	2,745		546		
28		上海中期	2,740		377		
29		宝城期货	2,697		1,814		
30		中大期货	2,690		-267		
31		弘业期货	2,678		721		
32		迈科期货	2,543		2,029		
33		浙商期货	2,517		783		
34		宏源期货	2,471		-782		
35		五矿经易	2,397		1,512		
36		北京首创	2,381		-172		
37		美尔雅期货	2,350		-451		
38		中国国际	2,338		397		
39		中原期货	2,326		1,668		
40		中粮期货	2,295		57		
41		新湖期货	2,267		331		
42		长江期货	2,239		-933		
43		一德期货	2,162		-421		
44		华鑫期货	2,156		1,996		
45		建信期货	2,062		1,176		
46		信达期货	1,844		307		
47		集成期货	1,843		312		
48		首创京都	1,762		510		
49		国都期货	1,712		1,396		
50		红塔期货	1,654		892		
51		中融汇信	1,632		381		
52		中航期货	1,574		234		
53		格林大华	1,547		274		
54		华安期货	1,530		-1,729		
55		中衍期货	1,502		-337		
56		浙江新世纪	1,295		-351		
57		国信期货	1,259		-826		
58		江苏东华	1,205		932		
59		瑞达期货	1,158		-340		
60		国元期货	1,048		-268		
61		冠通期货	1,016		277		
62		国联期货	970		623		
63		东海期货	944		202		
64		国贸期货	939		456		
65		华联期货	929		43		
66		金元期货	907		230		
67		北京金鹏	907		799		
68		大有期货	891		483		
69		同信久恒	885		432		
70		招金期货	881		149		
71		平安期货	867		411		
72		华西期货	830		245		
73		深圳瑞龙	799		227		
74		铜冠金源	790		402		
75		创元期货	772		197		
76		海证期货	753		-23		
77		东方汇金	740		-21		
78		福能期货	726		328		
79		国富期货	704		-154		
80		大越期货	662		-223		
81		江苏新纪元	657		252		
82		国金期货	638		-598		
83		英大期货	637		-707		
84		先融期货	631		-87		
85		恒泰期货	627		-86		
86		大地期货	622		-1,190		
87		上海大陆	621		313		
88		江西瑞奇	585		241		
89		中投期货	580		162		
90		混沌天成	572		-198		
91		海航期货	560		270		
92		倍特期货	551		197		
93		华融期货	536		-79		
94		民生期货	526		251		
95		神华期货	490		155		
96		长安期货	484		71		
97		东吴期货	462		-343		
98		德盛期货	462		-610		
99		天鸿期货	446		318		
100		上海中财	442		-130		
101		中州期货	404		8		
102		云晨期货	401		202		
103		晟鑫期货	384		367		
104		银建期货	352		166		
105		汇鑫期货	349		-75		
106		西南期货	348		207		
107		大连良运	326		141		
108		和合期货	290		-49		
109		金石期货	285		-67		
110		文峰期货	275		194		
111		华龙期货	271		176		
112		南证期货	258		-151		
113		东兴期货	236		-50		
114		天风期货	232		-1,037		
115		财达期货	230		-85		
116		渤海期货	228		-69		
117		上海浙石	226		214		
118		湖南金信	213		-29		
119		第一创业	206		-92		
120		津投期货	206		-243		
121		华创期货	190		68		
122		新晟期货	155		-237		
123		上海东亚	144		60		
124		鑫鼎盛期货	130		102		
125		深圳金汇	124		49		
126		锦泰期货	116		-85		
127		盛达期货	93		46		
128		大通期货	82		34		
129		华闻期货	76		-136		
130		中银国际	73		3		
131		华金期货	73		41		
132		兴业期货	64		-88		
133		河北恒银	60		-76		
134		天富期货	57		-47		
135		山西三立	48		-31		
136		中钢期货	33		-87		
137		江信国盛	14		6		
138		道通期货	12		-203		
139		九州期货	8		6		
140		中金期货	7		-43		
141		山金期货	7		-28		
总计				307,004		45,047		

名次		会员简称	持买单量	增减		
1		华泰期货	25,344		-1,948		
2		永安期货	20,710		1,352		
3		中投期货	17,854		-97		
4		中银国际	11,203		46		
5		银河期货	8,468		567		
6		国泰君安	7,460		-229		
7		广发期货	6,979		129		
8		方正中期	6,512		-434		
9		中信期货	6,331		162		
10		海通期货	6,183		-1,769		
11		东航期货	6,104		-530		
12		国投安信	5,917		-268		
13		光大期货	5,530		-794		
14		华信万达	5,464		-865		
15		申银万国	4,785		1,145		
16		混沌天成	3,989		131		
17		中粮期货	3,961		122		
18		国海良时	3,928		1,048		
19		北京首创	3,784		-321		
20		兴证期货	3,629		210		
21		中金期货	3,433		0		
22		中辉期货	3,322		343		
23		宏源期货	3,286		156		
24		宝城期货	3,200		474		
25		瑞达期货	3,191		-166		
26		徽商期货	3,018		-493		
27		中国国际	2,989		84		
28		中融汇信	2,871		69		
29		长江期货	2,813		170		
30		中信建投	2,471		-93		
31		南华期货	2,108		35		
32		安粮期货	2,026		148		
33		国信期货	2,006		-27		
34		中航期货	1,879		14		
35		弘业期货	1,874		-66		
36		信达期货	1,831		-23		
37		招商期货	1,814		-118		
38		美尔雅期货	1,770		306		
39		浙商期货	1,740		382		
40		上海中期	1,710		-414		
41		鲁证期货	1,681		152		
42		金瑞期货	1,604		147		
43		中衍期货	1,553		-81		
44		东证期货	1,424		153		
45		一德期货	1,404		-10		
46		西部期货	1,353		85		
47		五矿经易	1,324		207		
48		倍特期货	1,228		-68		
49		国联期货	1,226		99		
50		广州期货	1,162		-16		
51		华西期货	1,082		-47		
52		中大期货	1,073		-234		
53		海证期货	1,069		171		
54		中原期货	1,009		381		
55		新湖期货	980		-215		
56		英大期货	938		28		
57		创元期货	909		-35		
58		先融期货	844		-39		
59		大地期货	840		-64		
60		东方汇金	812		102		
61		汇鑫期货	809		43		
62		格林大华	748		-124		
63		民生期货	711		319		
64		华联期货	694		-255		
65		云晨期货	652		141		
66		江苏新纪元	650		17		
67		国贸期货	639		1		
68		东海期货	629		-187		
69		海航期货	620		-46		
70		上海大陆	614		201		
71		大越期货	614		257		
72		德盛期货	609		-78		
73		福能期货	602		-115		
74		华鑫期货	597		420		
75		国金期货	588		146		
76		国富期货	581		109		
77		大有期货	569		25		
78		红塔期货	555		169		
79		华安期货	553		85		
80		招金期货	544		-105		
81		中钢期货	527		5		
82		东吴期货	521		-14		
83		建信期货	511		58		
84		摩根大通	500		0		
85		广永期货	470		-7		
86		北京金鹏	457		112		
87		西南期货	448		15		
88		新晟期货	432		-37		
89		湖南金信	431		15		
90		浙江新世纪	419		-554		
91		金元期货	417		-27		
92		平安期货	406		-68		
93		中州期货	393		-21		
94		神华期货	390		191		
95		江苏东华	387		-147		
96		第一创业	386		4		
97		冠通期货	364		109		
98		金石期货	363		-46		
99		上海中财	344		46		
100		深圳瑞龙	307		-185		
101		江西瑞奇	306		42		
102		渤海期货	306		-23		
103		津投期货	293		-39		
104		南证期货	290		-118		
105		华创期货	236		-81		
106		国元期货	235		-33		
107		华融期货	231		10		
108		和合期货	230		10		
109		恒泰期货	215		20		
110		天富期货	200		-5		
111		新疆天利	185		0		
112		河北恒银	185		-7		
113		天风期货	176		-61		
114		锦泰期货	176		-2		
115		同信久恒	170		13		
116		财达期货	168		26		
117		迈科期货	167		-19		
118		首创京都	165		-793		
119		集成期货	157		114		
120		东兴期货	155		-11		
121		上海东亚	142		5		
122		国都期货	133		-50		
123		大连良运	129		16		
124		银建期货	115		50		
125		铜冠金源	102		50		
126		兴业期货	100		3		
127		深圳金汇	95		30		
128		长安期货	94		-30		
129		华闻期货	85		25		
130		华龙期货	66		-21		
131		文峰期货	51		-83		
132		鑫鼎盛期货	48		4		
133		山西三立	44		8		
134		盛达期货	34		-10		
135		和融期货	32		0		
136		天鸿期货	27		-130		
137		晟鑫期货	26		2		
138		道通期货	24		0		
139		江信国盛	19		-6		
140		大通期货	16		-7		
141		上海浙石	15		-6		
142		通惠期货	14		0		
143		山金期货	13		-1		
144		九州期货	9		1		
145		黑龙江时代	4		0		
146		华金期货	3		0		
总计				263,739		-1,481		

名次		会员简称	持卖单量	增减		
1		永安期货	17,519		1,547		
2		建信期货	16,123		-108		
3		广发期货	13,111		1,364		
4		东证期货	12,892		-61		
5		兴证期货	12,810		-848		
6		中信期货	11,185		1,787		
7		国投安信	11,009		211		
8		东航期货	10,247		-879		
9		光大期货	9,789		87		
10		海通期货	7,523		-2,015		
11		美尔雅期货	7,481		360		
12		国泰君安	7,299		-102		
13		华泰期货	7,209		-145		
14		方正中期	7,012		-165		
15		西部期货	6,988		-579		
16		国海良时	6,551		1,358		
17		南华期货	5,752		72		
18		新湖期货	5,562		-26		
19		申银万国	5,157		256		
20		北京首创	4,850		56		
21		深圳瑞龙	4,240		4		
22		鲁证期货	4,009		335		
23		混沌天成	3,171		87		
24		国信期货	3,144		-268		
25		广永期货	2,994		358		
26		银河期货	2,813		12		
27		中融汇信	2,752		59		
28		格林大华	2,714		21		
29		中国国际	2,361		20		
30		五矿经易	2,360		-280		
31		平安期货	2,184		-103		
32		华信万达	2,166		-273		
33		中粮期货	2,133		-57		
34		一德期货	1,919		-1,492		
35		金瑞期货	1,811		711		
36		上海中期	1,737		-244		
37		招商期货	1,588		-102		
38		宏源期货	1,214		53		
39		英大期货	1,152		59		
40		中大期货	1,142		-266		
41		徽商期货	1,124		101		
42		信达期货	1,117		-99		
43		瑞达期货	1,112		-194		
44		广州期货	1,031		197		
45		中辉期货	998		270		
46		宝城期货	973		123		
47		弘业期货	959		-22		
48		浙江新世纪	939		253		
49		浙商期货	901		-145		
50		国金期货	894		66		
51		大地期货	877		-168		
52		长安期货	822		64		
53		福能期货	740		-57		
54		迈科期货	698		-28		
55		中信建投	694		-48		
56		创元期货	673		-5		
57		天风期货	645		-1		
58		东兴期货	612		-9		
59		东海期货	604		13		
60		国贸期货	576		-94		
61		国联期货	575		23		
62		长江期货	569		-83		
63		红塔期货	562		265		
64		中原期货	537		485		
65		同信久恒	517		-18		
66		中钢期货	504		-2		
67		大越期货	500		-17		
68		华融期货	474		-46		
69		中金期货	468		7		
70		东方汇金	417		40		
71		华安期货	386		-123		
72		招金期货	375		-164		
73		财达期货	305		-54		
74		大连良运	300		-174		
75		北京金鹏	298		135		
76		倍特期货	268		-9		
77		金元期货	264		-174		
78		上海东亚	262		-77		
79		中投期货	262		-31		
80		上海大陆	259		2		
81		安粮期货	245		-98		
82		中衍期货	231		3		
83		上海中财	228		-18		
84		冠通期货	213		177		
85		新晟期货	213		0		
86		民生期货	199		-1		
87		新疆天利	182		0		
88		国富期货	180		-133		
89		集成期货	177		-67		
90		恒泰期货	167		-9		
91		海证期货	164		30		
92		铜冠金源	160		-334		
93		江西瑞奇	160		1		
94		华西期货	159		9		
95		西南期货	152		-125		
96		金石期货	150		-5		
97		大有期货	148		-78		
98		东吴期货	145		-10		
99		南证期货	131		2		
100		华联期货	97		-6		
101		中航期货	93		-16		
102		渤海期货	83		3		
103		银建期货	81		14		
104		海航期货	80		52		
105		国都期货	79		-70		
106		锦泰期货	77		0		
107		国元期货	76		-11		
108		华龙期货	67		34		
109		汇鑫期货	66		-56		
110		和合期货	63		-44		
111		上海浙石	60		0		
112		华闻期货	58		-1		
113		江苏东华	55		-4		
114		中银国际	48		-5		
115		首创京都	46		-805		
116		江苏新纪元	45		-36		
117		德盛期货	44		14		
118		云晨期货	41		0		
119		兴业期货	38		-39		
120		神华期货	31		7		
121		华金期货	29		-19		
122		华鑫期货	26		-420		
123		深圳金汇	25		-86		
124		先融期货	22		2		
125		中州期货	20		1		
126		天富期货	18		0		
127		湖南金信	13		-8		
128		盛达期货	12		1		
129		津投期货	11		3		
130		山金期货	11		0		
131		通惠期货	10		0		
132		鑫鼎盛期货	10		-10		
133		道通期货	7		-10		
134		华创期货	6		-9		
135		九州期货	5		1		
136		晟鑫期货	5		0		
137		大通期货	5		5		
138		山西三立	2		0		
139		河北恒银	2		1		
140		第一创业	2		-2		
141		江信国盛	1		0		
142		文峰期货	1		-2		
143		天鸿期货	0		-310		
总计				263,739		-1,481		



会员类别	总成交量	增减		
期货公司会员	307,004		45,047		
非期货公司会员	0		0		

会员类别	总持买单量	增减		
期货公司会员	263,739		-1,481		
非期货公司会员	0		0		

会员类别	总持卖单量	增减		
期货公司会员	263,739		-1,481		
非期货公司会员	0		0		

