								大连商品交易所 成交量_买持仓_卖持仓排名	

品种代码：cs		Date：20160418	

			期货公司会员	

名次		会员简称	成交量		增减		
1		广发期货	200,605		194,888		
2		南华期货	85,859		66,279		
3		安粮期货	59,220		41,436		
4		华泰期货	51,096		31,207		
5		海通期货	49,569		24,962		
6		徽商期货	42,951		34,144		
7		华安期货	41,925		37,258		
8		申银万国	39,672		26,130		
9		东航期货	34,402		12,840		
10		兴证期货	32,241		21,233		
11		方正中期	29,977		16,450		
12		光大期货	23,211		16,643		
13		东证期货	22,924		18,892		
14		东海期货	22,567		21,078		
15		华信万达	22,501		9,674		
16		国泰君安	21,607		11,660		
17		中信期货	19,140		4,372		
18		国投期货	18,549		9,553		
19		永安期货	18,009		11,978		
20		中国国际	17,981		14,577		
21		中粮期货	16,558		12,086		
22		迈科期货	13,104		11,928		
23		银河期货	12,728		8,417		
24		广永期货	12,192		7,108		
25		中投期货	11,890		9,957		
26		国海良时	11,036		7,170		
27		国金期货	10,728		6,607		
28		宏源期货	10,581		6,626		
29		国都期货	9,845		8,830		
30		中大期货	9,692		7,357		
31		集成期货	9,336		8,986		
32		鲁证期货	9,262		3,583		
33		冠通期货	8,891		8,615		
34		国元期货	8,736		7,979		
35		中信建投	8,662		1,515		
36		中辉期货	8,512		7,278		
37		美尔雅期货	8,499		7,157		
38		华联期货	8,297		8,144		
39		天风期货	6,941		5,197		
40		国联期货	6,834		6,470		
41		信达期货	6,795		6,003		
42		浙商期货	6,780		4,873		
43		格林大华	6,751		5,561		
44		中融汇信	6,385		3,273		
45		瑞达期货	6,321		2,658		
46		宝城期货	6,223		2,440		
47		东方汇金	6,167		4,676		
48		中衍期货	5,909		3,212		
49		东吴期货	5,880		5,278		
50		国信期货	5,856		2,670		
51		西部期货	5,742		5,151		
52		新湖期货	5,649		1,435		
53		一德期货	5,629		4,294		
54		弘业期货	5,540		2,895		
55		英大期货	5,040		4,700		
56		创元期货	4,897		4,083		
57		招商期货	4,817		1,935		
58		北京首创	4,763		1,953		
59		大越期货	4,032		3,254		
60		混沌天成	3,923		3,466		
61		五矿经易	3,916		2,115		
62		国贸期货	3,863		3,423		
63		金元期货	3,482		3,152		
64		兴业期货	3,474		3,276		
65		长江期货	3,420		670		
66		铜冠金源	3,194		2,776		
67		海航东银	3,035		2,608		
68		大地期货	2,920		1,590		
69		津投期货	2,823		1,483		
70		中原期货	2,700		2,135		
71		深圳瑞龙	2,638		1,651		
72		江苏新纪元	2,607		1,689		
73		同信久恒	2,583		-8		
74		上海中期	2,560		1,488		
75		北京金鹏	2,363		1,596		
76		建信期货	2,296		740		
77		福能期货	2,188		1,823		
78		浙江新世纪	2,089		1,650		
79		渤海期货	2,061		1,113		
80		招金期货	1,915		1,391		
81		金瑞期货	1,813		1,372		
82		汇鑫期货	1,720		693		
83		倍特期货	1,687		916		
84		德盛期货	1,681		1,112		
85		平安期货	1,670		463		
86		摩根大通	1,600		1,600		
87		恒泰期货	1,515		1,414		
88		上海中财	1,481		1,088		
89		上海东亚	1,393		963		
90		首创京都	1,380		1,064		
91		中航期货	1,273		989		
92		大连良运	1,273		207		
93		中银国际	1,164		285		
94		华鑫期货	1,130		820		
95		中州期货	1,098		-225		
96		晟鑫期货	1,039		885		
97		广州期货	1,013		706		
98		中金期货	979		381		
99		江西瑞奇	898		186		
100		海证期货	779		324		
101		财达期货	751		638		
102		华西期货	747		438		
103		天鸿期货	724		532		
104		神华期货	709		494		
105		锦泰期货	708		508		
106		先融期货	681		432		
107		深圳金汇	653		608		
108		华融期货	634		144		
109		大有期货	542		335		
110		河北恒银	510		471		
111		和合期货	494		354		
112		新晟期货	490		0		
113		长安期货	473		366		
114		华龙期货	470		427		
115		中钢期货	431		353		
116		鑫鼎盛期货	404		402		
117		上海大陆	400		143		
118		第一创业	386		361		
119		新疆天利	366		282		
120		银建期货	332		214		
121		东兴期货	287		-191		
122		西南期货	283		-37		
123		民生期货	277		90		
124		南证期货	272		17		
125		湖南金信	271		139		
126		红塔期货	241		193		
127		文峰期货	237		34		
128		国富期货	234		212		
129		江苏东华	231		106		
130		金石期货	222		115		
131		大通期货	204		-90		
132		华创期货	196		100		
133		天富期货	161		-56		
134		道通期货	155		143		
135		山西三立	130		118		
136		云晨期货	108		33		
137		盛达期货	80		57		
138		华闻期货	46		-5		
139		金谷期货	26		22		
140		江信国盛	22		-84		
141		山金期货	22		-30		
142		通惠期货	17		-7		
143		黑龙江时代	9		9		
144		和融期货	2		-2		
总计				1,266,780	910,066		

名次		会员简称	持买单量	增减		
1		中投期货	18,594		151		
2		华泰期货	17,086		3,186		
3		中信期货	14,545		1,252		
4		永安期货	12,642		3,187		
5		东航期货	9,798		2,874		
6		华信万达	7,953		884		
7		海通期货	7,629		1,646		
8		兴业期货	6,850		2,654		
9		中国国际	6,678		5,173		
10		申银万国	5,867		2,195		
11		中粮期货	5,484		-10,909		
12		广发期货	5,147		-142		
13		混沌天成	4,890		-1,481		
14		银河期货	4,709		2,383		
15		兴证期货	4,564		-462		
16		新湖期货	4,539		1,368		
17		方正中期	4,489		1,534		
18		国投期货	4,247		-738		
19		东海期货	4,020		2,036		
20		中金期货	3,753		753		
21		五矿经易	3,587		820		
22		国泰君安	3,533		1,681		
23		天风期货	3,313		5		
24		中银国际	3,212		1,094		
25		国联期货	3,124		2,714		
26		南华期货	3,034		761		
27		鲁证期货	2,918		2,074		
28		信达期货	2,852		154		
29		浙商期货	2,813		1,046		
30		海证期货	2,768		135		
31		上海中期	2,549		567		
32		广永期货	2,434		21		
33		国信期货	2,328		285		
34		徽商期货	2,248		728		
35		中大期货	2,199		1,157		
36		平安期货	2,140		526		
37		光大期货	2,136		363		
38		瑞达期货	1,919		-1,387		
39		北京首创	1,877		-97		
40		美尔雅期货	1,825		850		
41		中辉期货	1,792		706		
42		迈科期货	1,769		1,512		
43		弘业期货	1,735		219		
44		国海良时	1,724		783		
45		摩根大通	1,694		-1,600		
46		长江期货	1,632		425		
47		招商期货	1,516		382		
48		中信建投	1,399		-147		
49		一德期货	1,383		524		
50		东方汇金	1,354		579		
51		华安期货	1,251		956		
52		海航东银	1,248		318		
53		宝城期货	1,161		469		
54		格林大华	1,142		68		
55		东证期货	1,123		236		
56		大越期货	1,117		241		
57		江西瑞奇	1,061		316		
58		上海东亚	1,038		657		
59		锦泰期货	1,020		140		
60		上海大陆	986		41		
61		中衍期货	934		391		
62		汇鑫期货	913		-34		
63		宏源期货	910		184		
64		大地期货	872		-218		
65		英大期货	825		504		
66		安粮期货	813		412		
67		华鑫期货	804		478		
68		盛达期货	776		11		
69		福能期货	650		234		
70		金瑞期货	614		472		
71		国金期货	609		244		
72		江苏新纪元	592		345		
73		招金期货	583		283		
74		上海中财	578		413		
75		倍特期货	518		-13		
76		山西三立	509		107		
77		深圳瑞龙	485		201		
78		恒泰期货	479		-157		
79		国贸期货	462		136		
80		西南期货	453		95		
81		广州期货	435		227		
82		德盛期货	430		105		
83		东吴期货	429		199		
84		西部期货	415		162		
85		华融期货	406		29		
86		中融汇信	403		111		
87		深圳金汇	394		388		
88		大有期货	375		107		
89		中钢期货	373		271		
90		大连良运	361		-156		
91		华联期货	339		26		
92		华西期货	324		189		
93		创元期货	309		7		
94		首创京都	298		-698		
95		国元期货	296		51		
96		渤海期货	256		-60		
97		中州期货	249		127		
98		建信期货	240		-504		
99		金元期货	239		-97		
100		冠通期货	229		-206		
101		津投期货	216		2		
102		中航期货	200		64		
103		南证期货	197		76		
104		同信久恒	196		95		
105		新晟期货	193		3		
106		北京金鹏	184		43		
107		云晨期货	177		17		
108		浙江新世纪	164		87		
109		江苏东华	164		103		
110		华创期货	150		10		
111		和合期货	144		39		
112		神华期货	136		18		
113		晟鑫期货	136		41		
114		铜冠金源	136		-288		
115		中原期货	125		18		
116		金石期货	114		44		
117		集成期货	107		14		
118		新疆天利	107		0		
119		大通期货	104		81		
120		民生期货	101		24		
121		银建期货	94		45		
122		东兴期货	90		11		
123		红塔期货	89		37		
124		天富期货	76		-12		
125		国都期货	72		5		
126		湖南金信	72		33		
127		华龙期货	64		1		
128		第一创业	54		51		
129		道通期货	52		31		
130		华闻期货	51		8		
131		文峰期货	45		-1		
132		先融期货	43		10		
133		和融期货	41		1		
134		国富期货	36		-214		
135		金谷期货	32		4		
136		天鸿期货	25		22		
137		鑫鼎盛期货	23		0		
138		山金期货	21		9		
139		长安期货	20		16		
140		河北恒银	17		-4		
141		财达期货	16		12		
142		黑龙江时代	10		9		
143		江信国盛	8		-1		
144		上海浙石	2		0		
145		九州期货	2		0		
146		通惠期货	1		-17		
总计				257,724		42,779		

名次		会员简称	持卖单量	增减		
1		国投期货	24,678		3,605		
2		中粮期货	19,681		1,591		
3		东证期货	16,688		256		
4		永安期货	14,926		-8		
5		海通期货	12,984		4,009		
6		华泰期货	10,450		3,216		
7		光大期货	9,978		-1,916		
8		中大期货	7,768		7,039		
9		建信期货	6,876		30		
10		方正中期	6,673		1,651		
11		华信万达	6,614		555		
12		鲁证期货	6,330		-454		
13		东航期货	5,674		54		
14		西部期货	5,018		-536		
15		瑞达期货	4,680		462		
16		申银万国	4,591		317		
17		中信期货	4,426		-88		
18		国海良时	4,097		3,375		
19		广发期货	4,086		-875		
20		徽商期货	3,669		-405		
21		兴证期货	3,589		1,791		
22		新湖期货	3,569		447		
23		国泰君安	3,230		964		
24		信达期货	2,977		487		
25		中国国际	2,971		618		
26		安粮期货	2,954		894		
27		国金期货	2,927		2,848		
28		中投期货	2,564		1,919		
29		五矿经易	2,444		68		
30		格林大华	2,310		231		
31		一德期货	2,172		1,023		
32		浙商期货	2,093		-518		
33		银河期货	2,012		307		
34		宝城期货	2,009		572		
35		美尔雅期货	2,009		1,619		
36		中信建投	1,861		911		
37		招商期货	1,744		883		
38		南华期货	1,641		416		
39		国贸期货	1,628		-799		
40		东海期货	1,542		495		
41		财达期货	1,455		551		
42		长江期货	1,413		75		
43		中辉期货	1,308		518		
44		招金期货	1,171		312		
45		大越期货	1,134		249		
46		创元期货	1,114		362		
47		国联期货	1,106		22		
48		大地期货	1,071		610		
49		北京首创	1,069		78		
50		东方汇金	1,058		-164		
51		上海中期	968		241		
52		混沌天成	932		-102		
53		津投期货	778		265		
54		中融汇信	740		548		
55		新疆天利	720		210		
56		弘业期货	680		-45		
57		深圳瑞龙	665		-317		
58		英大期货	645		132		
59		天鸿期货	638		606		
60		同信久恒	633		202		
61		宏源期货	619		19		
62		金瑞期货	583		295		
63		福能期货	576		508		
64		天风期货	567		466		
65		国信期货	558		11		
66		广永期货	518		327		
67		德盛期货	475		386		
68		上海中财	388		-18		
69		江苏新纪元	376		166		
70		平安期货	371		-184		
71		长安期货	352		-17		
72		北京金鹏	346		14		
73		华安期货	332		-73		
74		新晟期货	271		-325		
75		江苏东华	259		2		
76		中衍期货	223		-68		
77		国都期货	201		52		
78		倍特期货	187		46		
79		渤海期货	184		69		
80		湖南金信	177		40		
81		东吴期货	159		47		
82		中州期货	134		53		
83		恒泰期货	134		78		
84		汇鑫期货	131		36		
85		迈科期货	130		-14		
86		国元期货	115		27		
87		集成期货	114		12		
88		冠通期货	112		-147		
89		广州期货	112		52		
90		金石期货	110		20		
91		华联期货	109		-17		
92		华西期货	101		-20		
93		浙江新世纪	99		-106		
94		大连良运	89		-39		
95		江西瑞奇	79		-6		
96		华闻期货	78		30		
97		上海大陆	70		-11		
98		华融期货	67		-29		
99		中原期货	62		-104		
100		中航期货	56		15		
101		金元期货	52		1		
102		东兴期货	51		38		
103		海航东银	47		13		
104		和合期货	45		9		
105		神华期货	44		27		
106		锦泰期货	42		-112		
107		大有期货	39		33		
108		民生期货	32		23		
109		河北恒银	31		14		
110		海证期货	25		-130		
111		中钢期货	25		-4		
112		银建期货	25		15		
113		第一创业	22		17		
114		天富期货	22		19		
115		南证期货	20		-24		
116		盛达期货	20		15		
117		西南期货	19		-48		
118		华鑫期货	18		-20		
119		江信国盛	15		3		
120		铜冠金源	12		-4		
121		鑫鼎盛期货	10		0		
122		先融期货	9		-1		
123		深圳金汇	9		-7		
124		中银国际	7		0		
125		红塔期货	6		4		
126		文峰期货	5		2		
127		华创期货	5		4		
128		晟鑫期货	4		-4		
129		首创京都	2		-76		
130		兴业期货	2		2		
131		上海浙石	2		0		
132		大通期货	1		-11		
133		云晨期货	1		1		
134		华龙期货	0		-3		
135		山西三立	0		-1		
136		和融期货	0		-1		
137		道通期货	0		-2		
138		山金期货	0		-1		
139		中金期货	0		-12		
总计				257,724		42,779		



会员类别	总成交量	增减		
期货公司会员	1,266,780	910,066		
非期货公司会员	0		0		

会员类别	总持买单量	增减		
期货公司会员	257,724		42,779		
非期货公司会员	0		0		

会员类别	总持卖单量	增减		
期货公司会员	257,724		42,779		
非期货公司会员	0		0		

