								大连商品交易所 成交量_买持仓_卖持仓排名	

品种代码：cs		Date：20160726	

			期货公司会员	

名次		会员简称	成交量		增减		
1		海通期货	11,498		-1,833		
2		方正中期	10,941		2,591		
3		华泰期货	8,820		240		
4		徽商期货	8,503		2,623		
5		中信期货	7,973		-961		
6		永安期货	6,696		-1,466		
7		国泰君安	6,304		-2,912		
8		东证期货	4,834		1,576		
9		华信万达	4,615		1,467		
10		国投安信	4,540		-203		
11		新湖期货	4,462		1,455		
12		南华期货	4,241		-3,197		
13		东航期货	4,185		-1,414		
14		招商期货	3,970		-2,294		
15		广发期货	3,893		312		
16		兴证期货	3,575		-1,875		
17		光大期货	3,231		-3,658		
18		广永期货	3,021		-358		
19		鲁证期货	2,924		345		
20		申银万国	2,708		-1,012		
21		西部期货	2,694		739		
22		中信建投	2,643		-543		
23		建信期货	2,224		999		
24		华安期货	2,193		-626		
25		安粮期货	2,177		364		
26		宝城期货	2,056		410		
27		东方汇金	2,023		1,746		
28		浙商期货	1,943		253		
29		中国国际	1,931		693		
30		中辉期货	1,928		901		
31		银河期货	1,830		-206		
32		上海中期	1,805		682		
33		国海良时	1,751		684		
34		弘业期货	1,628		202		
35		金瑞期货	1,587		-211		
36		宏源期货	1,584		-452		
37		国信期货	1,573		470		
38		中融汇信	1,531		219		
39		同信久恒	1,456		1,001		
40		美尔雅期货	1,345		66		
41		广州期货	1,287		263		
42		中衍期货	1,286		-630		
43		国金期货	1,284		738		
44		国元期货	1,262		-1		
45		大越期货	1,105		580		
46		中粮期货	1,055		263		
47		长江期货	994		-819		
48		浙江新世纪	961		71		
49		中大期货	923		-282		
50		红塔期货	921		88		
51		信达期货	914		62		
52		倍特期货	841		418		
53		瑞达期货	807		-1,094		
54		北京首创	801		-672		
55		集成期货	796		-618		
56		新晟期货	718		236		
57		湖南金信	716		590		
58		格林大华	666		-595		
59		福能期货	663		318		
60		中航期货	646		332		
61		金元期货	631		138		
62		创元期货	625		-115		
63		一德期货	605		113		
64		国贸期货	600		278		
65		迈科期货	596		338		
66		先融期货	593		169		
67		平安期货	576		-201		
68		英大期货	570		178		
69		东海期货	569		237		
70		江苏新纪元	562		-102		
71		五矿经易	549		-904		
72		中原期货	539		12		
73		华联期货	480		-287		
74		华西期货	463		-56		
75		深圳瑞龙	462		-135		
76		国富期货	451		-108		
77		江西瑞奇	445		5		
78		天风期货	443		188		
79		国联期货	399		-292		
80		东吴期货	392		55		
81		国都期货	380		-688		
82		华融期货	345		-97		
83		东兴期货	320		13		
84		上海中财	312		136		
85		长安期货	274		-179		
86		中投期货	274		-335		
87		恒泰期货	260		-317		
88		混沌天成	256		64		
89		文峰期货	255		232		
90		冠通期货	246		-328		
91		天鸿期货	244		218		
92		西南期货	243		-14		
93		海证期货	231		-161		
94		大地期货	214		-217		
95		神华期货	206		-241		
96		汇鑫期货	195		-444		
97		和合期货	190		-96		
98		海航期货	190		-227		
99		南证期货	189		-273		
100		中钢期货	183		35		
101		招金期货	179		-129		
102		大有期货	174		-17		
103		渤海期货	168		56		
104		河北恒银	168		128		
105		财达期货	160		58		
106		上海大陆	158		78		
107		中州期货	157		-14		
108		德盛期货	140		-200		
109		铜冠金源	139		-101		
110		锦泰期货	138		-2		
111		华创期货	123		-302		
112		华闻期货	122		90		
113		民生期货	116		-28		
114		华龙期货	108		-54		
115		晟鑫期货	107		97		
116		上海东亚	107		102		
117		津投期货	104		-110		
118		首创京都	101		58		
119		北京金鹏	94		-86		
120		华鑫期货	93		-1,323		
121		天富期货	87		-83		
122		中银国际	86		-13		
123		华金期货	84		47		
124		深圳金汇	75		44		
125		大连良运	72		-301		
126		云晨期货	71		-106		
127		金石期货	71		-198		
128		大通期货	58		-28		
129		山西三立	53		9		
130		江信国盛	48		-8		
131		鑫鼎盛期货	45		20		
132		兴业期货	37		7		
133		银建期货	36		-124		
134		黑龙江时代	22		18		
135		九州期货	21		18		
136		江苏东华	19		-526		
137		第一创业	19		-20		
138		上海浙石	15		13		
139		盛达期货	11		-109		
140		中金期货	4		3		
141		山金期货	4		-7		
142		新疆天利	1		-9		
总计				186,634		-10,395		

名次		会员简称	持买单量	增减		
1		华泰期货	23,122		-1,780		
2		永安期货	20,250		1,065		
3		中投期货	17,968		-19		
4		中银国际	11,194		1		
5		国泰君安	10,202		-414		
6		东航期货	7,782		337		
7		方正中期	7,735		206		
8		广发期货	7,638		631		
9		银河期货	7,415		65		
10		光大期货	6,915		49		
11		国投安信	6,501		245		
12		中信期货	6,201		-47		
13		申银万国	4,993		-9		
14		海通期货	4,973		860		
15		国海良时	4,059		47		
16		北京首创	3,964		-145		
17		中粮期货	3,873		60		
18		徽商期货	3,703		130		
19		混沌天成	3,677		-108		
20		中金期货	3,433		0		
21		长江期货	3,269		158		
22		中国国际	3,189		-169		
23		宏源期货	3,178		-115		
24		中融汇信	3,059		125		
25		兴证期货	2,944		-23		
26		瑞达期货	2,889		-74		
27		中信建投	2,882		45		
28		中辉期货	2,840		-90		
29		华信万达	2,696		-92		
30		宝城期货	2,688		438		
31		南华期货	2,595		90		
32		弘业期货	2,413		-250		
33		浙商期货	2,249		107		
34		国信期货	2,151		78		
35		信达期货	2,148		268		
36		上海中期	1,966		32		
37		中衍期货	1,940		-149		
38		安粮期货	1,872		37		
39		鲁证期货	1,819		-275		
40		格林大华	1,819		47		
41		中航期货	1,796		14		
42		招商期货	1,601		101		
43		广永期货	1,588		5		
44		美尔雅期货	1,577		-28		
45		西部期货	1,412		-22		
46		金瑞期货	1,404		58		
47		上海大陆	1,388		-30		
48		中大期货	1,350		138		
49		东证期货	1,338		52		
50		五矿经易	1,290		-4		
51		一德期货	1,263		-258		
52		新湖期货	1,260		-2,855		
53		广州期货	1,232		-186		
54		国联期货	1,158		-2		
55		华鑫期货	1,152		20		
56		东方汇金	1,102		57		
57		倍特期货	1,081		24		
58		中原期货	975		-124		
59		英大期货	966		55		
60		华联期货	949		-88		
61		先融期货	905		-63		
62		浙江新世纪	899		79		
63		创元期货	867		-22		
64		海证期货	800		-6		
65		大越期货	782		94		
66		江苏新纪元	775		127		
67		东海期货	772		47		
68		国贸期货	758		-21		
69		国金期货	709		131		
70		大地期货	690		-90		
71		华西期货	677		-41		
72		德盛期货	673		-6		
73		建信期货	673		134		
74		新晟期货	645		-84		
75		大有期货	615		-9		
76		东吴期货	587		-74		
77		云晨期货	586		-1		
78		华安期货	564		38		
79		福能期货	558		-48		
80		湖南金信	550		69		
81		红塔期货	512		42		
82		摩根大通	500		0		
83		金元期货	487		-117		
84		江西瑞奇	477		7		
85		第一创业	467		-1		
86		招金期货	467		1		
87		海航期货	466		-58		
88		北京金鹏	454		-15		
89		金石期货	451		-10		
90		上海中财	444		56		
91		民生期货	443		9		
92		深圳瑞龙	415		-18		
93		中州期货	408		-13		
94		神华期货	407		15		
95		国富期货	373		-257		
96		西南期货	371		115		
97		江苏东华	367		2		
98		冠通期货	350		109		
99		恒泰期货	337		98		
100		南证期货	335		-18		
101		渤海期货	329		56		
102		汇鑫期货	327		43		
103		华融期货	310		-14		
104		文峰期货	295		233		
105		天富期货	294		54		
106		中钢期货	291		3		
107		迈科期货	287		-6		
108		河北恒银	275		70		
109		集成期货	259		-19		
110		和合期货	258		8		
111		津投期货	257		-14		
112		国都期货	249		-92		
113		首创京都	243		73		
114		同信久恒	231		41		
115		平安期货	228		3		
116		国元期货	219		2		
117		天风期货	207		-18		
118		大连良运	203		44		
119		新疆天利	190		-1		
120		财达期货	186		-34		
121		东兴期货	185		32		
122		锦泰期货	159		-30		
123		银建期货	147		-3		
124		上海东亚	137		-5		
125		大通期货	116		18		
126		兴业期货	111		-6		
127		华金期货	100		63		
128		铜冠金源	96		19		
129		华创期货	90		8		
130		长安期货	83		-35		
131		华闻期货	81		-4		
132		深圳金汇	80		1		
133		山西三立	68		11		
134		鑫鼎盛期货	48		1		
135		道通期货	43		0		
136		华龙期货	41		-28		
137		九州期货	38		9		
138		天鸿期货	36		-2		
139		和融期货	32		0		
140		晟鑫期货	27		-3		
141		盛达期货	24		8		
142		上海浙石	22		5		
143		山金期货	19		2		
144		通惠期货	14		0		
145		江信国盛	9		-16		
146		黑龙江时代	4		0		
总计				271,650		-1,033		

名次		会员简称	持卖单量	增减		
1		永安期货	20,246		-265		
2		建信期货	17,978		-260		
3		东证期货	13,080		264		
4		广发期货	12,277		-1,070		
5		兴证期货	11,036		-204		
6		中信期货	10,910		-616		
7		光大期货	10,107		150		
8		国投安信	9,902		-483		
9		东航期货	9,639		-22		
10		方正中期	9,256		4,455		
11		国泰君安	7,787		-196		
12		华泰期货	7,660		-296		
13		美尔雅期货	7,229		-605		
14		鲁证期货	6,896		1,121		
15		国海良时	6,826		242		
16		海通期货	6,363		926		
17		西部期货	6,213		-768		
18		新湖期货	5,970		-13		
19		申银万国	5,773		-245		
20		南华期货	5,228		-671		
21		北京首创	4,951		10		
22		深圳瑞龙	4,195		-4		
23		广永期货	4,145		-112		
24		一德期货	3,897		-51		
25		混沌天成	3,241		-34		
26		五矿经易	3,085		-109		
27		格林大华	2,710		-23		
28		中融汇信	2,567		-32		
29		国信期货	2,403		-851		
30		中国国际	2,301		-186		
31		上海中期	2,242		-319		
32		迈科期货	2,197		-104		
33		中粮期货	2,194		-1		
34		银河期货	2,086		-343		
35		平安期货	2,077		-365		
36		东方汇金	2,057		1,632		
37		华信万达	2,039		357		
38		金瑞期货	1,665		205		
39		信达期货	1,559		64		
40		招商期货	1,556		-415		
41		中辉期货	1,190		-22		
42		徽商期货	1,156		-59		
43		瑞达期货	1,146		-1		
44		浙江新世纪	1,135		56		
45		英大期货	1,111		1		
46		宏源期货	1,044		-191		
47		宝城期货	965		-90		
48		浙商期货	894		-2		
49		中大期货	893		-339		
50		弘业期货	872		-10		
51		大地期货	851		-4		
52		广州期货	770		29		
53		国金期货	757		461		
54		华安期货	754		-29		
55		长安期货	746		-83		
56		天风期货	643		-5		
57		中信建投	635		-30		
58		同信久恒	586		5		
59		创元期货	571		-111		
60		中钢期货	555		-2		
61		长江期货	554		-80		
62		东海期货	508		-252		
63		国联期货	507		-47		
64		中金期货	503		4		
65		大越期货	472		-1		
66		东兴期货	441		-42		
67		中原期货	417		-5		
68		福能期货	413		-237		
69		红塔期货	394		25		
70		国贸期货	384		-141		
71		国富期货	351		-32		
72		北京金鹏	334		-21		
73		招金期货	330		-6		
74		华融期货	318		-9		
75		上海中财	270		32		
76		倍特期货	246		21		
77		中衍期货	230		-9		
78		财达期货	209		0		
79		中投期货	192		-41		
80		新疆天利	182		0		
81		安粮期货	171		-34		
82		集成期货	170		-1		
83		恒泰期货	170		-32		
84		上海东亚	169		10		
85		上海大陆	164		8		
86		汇鑫期货	163		88		
87		铜冠金源	158		-78		
88		渤海期货	150		20		
89		金元期货	150		-12		
90		江西瑞奇	143		-44		
91		海证期货	140		-3		
92		国元期货	123		6		
93		金石期货	115		1		
94		华西期货	107		-66		
95		民生期货	97		-1		
96		国都期货	92		-34		
97		江苏新纪元	80		-25		
98		和合期货	78		0		
99		大有期货	77		-13		
100		湖南金信	75		51		
101		冠通期货	73		13		
102		华闻期货	67		0		
103		上海浙石	60		0		
104		锦泰期货	59		0		
105		首创京都	58		0		
106		中航期货	56		2		
107		德盛期货	54		0		
108		东吴期货	47		-6		
109		南证期货	45		-39		
110		江苏东华	45		-3		
111		银建期货	37		-1		
112		海航期货	35		0		
113		天富期货	30		13		
114		深圳金汇	27		0		
115		中银国际	26		-23		
116		大连良运	25		0		
117		神华期货	25		1		
118		华鑫期货	23		-1		
119		华联期货	18		-20		
120		先融期货	17		2		
121		兴业期货	15		-7		
122		通惠期货	15		0		
123		鑫鼎盛期货	15		0		
124		华金期货	14		-15		
125		西南期货	13		-8		
126		华龙期货	12		-18		
127		新晟期货	12		-260		
128		山金期货	11		0		
129		津投期货	11		6		
130		中州期货	10		0		
131		道通期货	7		0		
132		华创期货	6		1		
133		晟鑫期货	5		0		
134		九州期货	4		0		
135		文峰期货	3		2		
136		河北恒银	3		-6		
137		第一创业	2		0		
138		云晨期货	1		0		
139		山西三立	0		-2		
140		盛达期货	0		-1		
总计				271,650		-1,033		



会员类别	总成交量	增减		
期货公司会员	186,634		-10,395		
非期货公司会员	0		0		

会员类别	总持买单量	增减		
期货公司会员	271,650		-1,033		
非期货公司会员	0		0		

会员类别	总持卖单量	增减		
期货公司会员	271,650		-1,033		
非期货公司会员	0		0		

