								大连商品交易所 成交量_买持仓_卖持仓排名	

品种代码：cs		Date：20160513	

			期货公司会员	

名次		会员简称	成交量		增减		
1		海通期货	25,125		1,768		
2		东航期货	16,391		-2,362		
3		南华期货	15,638		-2,078		
4		国投期货	14,811		7,361		
5		华信万达	14,797		8,603		
6		国泰君安	13,145		-701		
7		安粮期货	12,607		-1,906		
8		光大期货	12,044		2,245		
9		广发期货	11,324		1,197		
10		中信期货	11,036		-1,719		
11		兴证期货	11,010		1,249		
12		东证期货	10,770		8,107		
13		中粮期货	9,594		6,478		
14		徽商期货	9,518		-1,480		
15		永安期货	9,260		294		
16		方正中期	8,513		-3,721		
17		中信建投	7,577		-610		
18		华泰期货	7,486		-2,267		
19		招商期货	7,272		-6,637		
20		天风期货	6,609		1,847		
21		银河期货	6,012		-840		
22		中投期货	5,735		4,437		
23		申银万国	5,226		-209		
24		鲁证期货	4,798		-2,678		
25		广永期货	4,073		-3,805		
26		国海良时	3,716		-614		
27		上海中期	3,654		643		
28		国都期货	3,485		2,475		
29		中国国际	3,150		-1,622		
30		美尔雅期货	3,125		-635		
31		国元期货	3,090		607		
32		华安期货	3,077		-414		
33		宝城期货	3,006		1,880		
34		一德期货	3,001		774		
35		华鑫期货	2,629		-1,461		
36		华西期货	2,605		-191		
37		新湖期货	2,563		-18		
38		中大期货	2,399		-373		
39		弘业期货	2,217		109		
40		格林大华	2,193		1,285		
41		东海期货	2,179		-2,480		
42		渤海期货	2,121		612		
43		东方汇金	2,051		771		
44		国金期货	1,872		-491		
45		集成期货	1,755		300		
46		浙商期货	1,733		-57		
47		长江期货	1,699		-2,032		
48		五矿经易	1,659		-417		
49		宏源期货	1,564		-1,570		
50		中融汇信	1,420		-1,041		
51		中衍期货	1,326		-853		
52		西部期货	1,266		-511		
53		冠通期货	1,205		521		
54		北京首创	1,200		-719		
55		信达期货	1,169		-276		
56		国信期货	1,089		-596		
57		瑞达期货	1,062		-892		
58		海证期货	973		449		
59		锦泰期货	963		-371		
60		创元期货	954		-1,706		
61		中辉期货	952		-2,057		
62		金石期货	902		553		
63		建信期货	871		213		
64		山金期货	838		-6		
65		招金期货	812		-39		
66		汇鑫期货	806		272		
67		天鸿期货	788		191		
68		华融期货	737		-561		
69		东吴期货	707		361		
70		深圳瑞龙	706		-511		
71		中州期货	641		-434		
72		国贸期货	634		-80		
73		恒泰期货	628		-189		
74		金元期货	626		-272		
75		浙江新世纪	616		475		
76		北京金鹏	589		-585		
77		江西瑞奇	588		-1,112		
78		国富期货	588		535		
79		海航期货	580		110		
80		江苏新纪元	531		-533		
81		同信久恒	528		-2,020		
82		津投期货	527		152		
83		迈科期货	483		-41		
84		上海中财	471		2		
85		新晟期货	467		109		
86		中航期货	454		98		
87		平安期货	454		-192		
88		中银国际	440		-442		
89		英大期货	421		-205		
90		福能期货	408		-4		
91		民生期货	406		-150		
92		上海东亚	402		158		
93		铜冠金源	397		-162		
94		中原期货	374		-143		
95		大地期货	365		-3,630		
96		国联期货	364		-432		
97		先融期货	350		-1,135		
98		首创京都	346		71		
99		长安期货	340		159		
100		金瑞期货	330		-785		
101		大连良运	305		-3,753		
102		大有期货	302		3		
103		和合期货	297		-195		
104		华创期货	288		97		
105		广州期货	270		-131		
106		西南期货	270		15		
107		南证期货	267		-338		
108		盛达期货	250		219		
109		大越期货	245		-154		
110		混沌天成	234		-1,249		
111		华联期货	232		-86		
112		德盛期货	226		-633		
113		东兴期货	193		-559		
114		江苏东华	188		47		
115		中钢期货	187		104		
116		银建期货	176		-257		
117		神华期货	166		-149		
118		上海大陆	163		-1,216		
119		山西三立	163		66		
120		第一创业	146		-579		
121		财达期货	143		-134		
122		华龙期货	142		-20		
123		深圳金汇	138		46		
124		倍特期货	129		-327		
125		晟鑫期货	88		-112		
126		华闻期货	85		3		
127		兴业期货	80		-1,990		
128		河北恒银	78		5		
129		云晨期货	67		-146		
130		湖南金信	61		-135		
131		鑫鼎盛期货	46		44		
132		道通期货	35		-147		
133		红塔期货	35		-213		
134		天富期货	34		-14		
135		通惠期货	25		4		
136		大通期货	18		-48		
137		江信国盛	12		3		
138		新疆天利	12		-396		
139		金谷期货	11		-20		
140		文峰期货	10		-210		
141		和融期货	6		0		
142		中金期货	3		-500		
143		上海浙石	2		-218		
总计				361,836		-21,875		

名次		会员简称	持买单量	增减		
1		中投期货	18,272		-5,249		
2		广发期货	10,042		1,492		
3		新湖期货	8,715		40		
4		华泰期货	8,410		-66		
5		中粮期货	8,049		2,424		
6		华信万达	7,719		-314		
7		海通期货	7,330		443		
8		中银国际	6,020		276		
9		永安期货	5,958		-28		
10		国投期货	5,195		-1,221		
11		银河期货	4,963		193		
12		东航期货	4,829		-2,521		
13		信达期货	4,155		131		
14		大连良运	3,988		80		
15		中信期货	3,852		-847		
16		中金期货	3,430		3		
17		北京首创	3,415		330		
18		兴证期货	3,155		-280		
19		混沌天成	3,070		11		
20		大地期货	2,637		-28		
21		兴业期货	2,060		-56		
22		方正中期	2,049		-638		
23		宏源期货	2,034		-54		
24		中大期货	2,029		534		
25		中融汇信	1,965		199		
26		中国国际	1,852		-632		
27		国泰君安	1,753		-869		
28		徽商期货	1,689		-318		
29		渤海期货	1,666		-721		
30		东证期货	1,659		216		
31		南华期货	1,543		-443		
32		浙商期货	1,398		-466		
33		国信期货	1,378		-24		
34		光大期货	1,149		274		
35		上海中期	1,143		-361		
36		平安期货	1,091		-88		
37		瑞达期货	1,073		-121		
38		中信建投	1,069		-18		
39		江西瑞奇	1,066		-326		
40		长江期货	1,053		-334		
41		建信期货	963		-848		
42		新疆天利	930		0		
43		中辉期货	907		-196		
44		安粮期货	886		47		
45		上海东亚	751		-26		
46		金石期货	732		-55		
47		东海期货	729		37		
48		国海良时	658		-283		
49		金瑞期货	595		21		
50		申银万国	585		-483		
51		西南期货	567		-4		
52		鲁证期货	552		-79		
53		一德期货	512		-265		
54		弘业期货	478		-511		
55		招商期货	456		-22		
56		五矿经易	418		-646		
57		中州期货	406		-188		
58		中衍期货	396		-43		
59		倍特期货	380		-15		
60		西部期货	380		-39		
61		国金期货	379		-41		
62		东方汇金	372		-5		
63		格林大华	359		-40		
64		广州期货	355		-8		
65		招金期货	345		-21		
66		海证期货	331		130		
67		海航期货	328		-30		
68		江苏新纪元	285		-56		
69		金元期货	283		-25		
70		华西期货	281		141		
71		国联期货	264		-40		
72		英大期货	256		-43		
73		财达期货	246		-10		
74		国贸期货	241		-77		
75		创元期货	227		0		
76		美尔雅期货	226		-631		
77		中钢期货	226		148		
78		德盛期货	220		-22		
79		宝城期货	212		-489		
80		大越期货	183		-65		
81		津投期货	168		38		
82		东吴期货	162		-519		
83		锦泰期货	136		-707		
84		深圳瑞龙	136		-18		
85		铜冠金源	135		-24		
86		中航期货	135		10		
87		国元期货	127		9		
88		福能期货	120		-101		
89		云晨期货	119		11		
90		天风期货	118		-3		
91		冠通期货	117		-4		
92		恒泰期货	109		-7		
93		上海大陆	107		-1		
94		首创京都	105		-56		
95		华安期货	98		-77		
96		上海中财	94		-76		
97		华联期货	92		-1		
98		长安期货	88		-5		
99		浙江新世纪	83		-34		
100		汇鑫期货	75		-459		
101		南证期货	72		-52		
102		华融期货	69		7		
103		国都期货	61		-35		
104		中原期货	60		-6		
105		广永期货	59		-4		
106		大有期货	58		-106		
107		湖南金信	56		1		
108		华创期货	56		-4		
109		民生期货	55		-125		
110		深圳金汇	54		-114		
111		上海浙石	51		0		
112		华闻期货	50		-19		
113		红塔期货	49		-3		
114		新晟期货	44		-5		
115		天富期货	44		-14		
116		神华期货	42		-32		
117		北京金鹏	39		-136		
118		集成期货	38		10		
119		东兴期货	38		-57		
120		江苏东华	32		-8		
121		迈科期货	32		-132		
122		山西三立	31		18		
123		道通期货	31		5		
124		华龙期货	28		-110		
125		鑫鼎盛期货	27		7		
126		和合期货	26		-31		
127		山金期货	21		0		
128		银建期货	19		-11		
129		江信国盛	17		-4		
130		华鑫期货	15		-10		
131		晟鑫期货	15		2		
132		金谷期货	13		-11		
133		先融期货	12		-9		
134		河北恒银	10		-9		
135		国富期货	10		0		
136		文峰期货	8		0		
137		大通期货	5		0		
138		盛达期货	2		-50		
139		黑龙江时代	2		0		
140		第一创业	1		0		
141		同信久恒	0		-2		
142		和融期货	0		-4		
143		天鸿期货	0		-30		
总计				175,499		-17,266		

名次		会员简称	持卖单量	增减		
1		华泰期货	23,751		112		
2		建信期货	12,561		-123		
3		国投期货	9,024		-4,844		
4		海通期货	8,383		1,110		
5		深圳瑞龙	8,103		-56		
6		永安期货	7,652		-498		
7		中粮期货	6,383		882		
8		广发期货	5,934		1,084		
9		中信期货	5,565		-491		
10		方正中期	4,458		-1,497		
11		华信万达	4,118		1,413		
12		瑞达期货	3,701		-157		
13		国泰君安	3,563		336		
14		美尔雅期货	3,304		-336		
15		国海良时	3,217		-33		
16		东航期货	3,125		-2,520		
17		五矿经易	3,100		-87		
18		申银万国	3,011		-445		
19		长江期货	3,009		343		
20		国金期货	2,931		-551		
21		光大期货	2,900		-1,940		
22		银河期货	2,641		249		
23		南华期货	2,267		-301		
24		财达期货	1,966		-37		
25		信达期货	1,950		-120		
26		兴证期货	1,802		-6		
27		中融汇信	1,709		53		
28		招金期货	1,571		-33		
29		上海中期	1,464		25		
30		同信久恒	1,377		30		
31		鲁证期货	1,370		-1,923		
32		国联期货	1,315		-8		
33		东方汇金	1,248		-122		
34		中国国际	1,234		-118		
35		招商期货	1,188		172		
36		浙商期货	1,055		-103		
37		徽商期货	960		-30		
38		中大期货	907		-181		
39		混沌天成	905		5		
40		宝城期货	899		-625		
41		天鸿期货	860		-750		
42		中信建投	829		-441		
43		安粮期货	817		-88		
44		金石期货	789		-71		
45		新湖期货	774		5		
46		弘业期货	771		296		
47		国信期货	750		69		
48		创元期货	720		4		
49		中辉期货	688		120		
50		冠通期货	685		593		
51		大地期货	606		-55		
52		东证期货	529		78		
53		天风期货	501		-1,694		
54		华鑫期货	469		-2,015		
55		西部期货	456		-137		
56		广永期货	443		-65		
57		一德期货	439		54		
58		格林大华	414		-341		
59		新疆天利	402		-8		
60		长安期货	402		11		
61		宏源期货	386		4		
62		上海东亚	377		366		
63		上海中财	346		-53		
64		文峰期货	339		0		
65		海航期货	327		2		
66		北京首创	309		-458		
67		西南期货	304		60		
68		平安期货	238		10		
69		东海期货	230		-428		
70		汇鑫期货	222		51		
71		金瑞期货	191		-23		
72		德盛期货	189		-4		
73		中衍期货	181		15		
74		中投期货	180		60		
75		北京金鹏	176		-25		
76		金元期货	165		81		
77		倍特期货	165		-28		
78		华西期货	156		-84		
79		大连良运	152		115		
80		迈科期货	147		67		
81		新晟期货	145		-244		
82		大有期货	144		64		
83		海证期货	142		-291		
84		东吴期货	141		-6		
85		国都期货	139		30		
86		福能期货	137		77		
87		津投期货	133		-13		
88		国贸期货	125		17		
89		锦泰期货	124		34		
90		华安期货	121		46		
91		华融期货	120		-216		
92		浙江新世纪	116		-4		
93		江西瑞奇	99		-4		
94		国元期货	95		-53		
95		中航期货	89		6		
96		湖南金信	87		-16		
97		恒泰期货	76		-169		
98		江苏新纪元	72		-39		
99		大越期货	59		-6		
100		上海浙石	50		0		
101		和合期货	50		8		
102		上海大陆	48		14		
103		英大期货	46		8		
104		广州期货	42		2		
105		华联期货	33		-1		
106		集成期货	29		-25		
107		渤海期货	25		-210		
108		中州期货	25		1		
109		华龙期货	22		22		
110		华闻期货	20		20		
111		天富期货	20		20		
112		兴业期货	18		0		
113		民生期货	16		11		
114		铜冠金源	16		5		
115		鑫鼎盛期货	15		5		
116		华创期货	12		12		
117		江苏东华	12		2		
118		神华期货	11		2		
119		银建期货	10		-93		
120		深圳金汇	10		2		
121		第一创业	7		4		
122		晟鑫期货	6		2		
123		先融期货	6		1		
124		河北恒银	6		-3		
125		红塔期货	5		-12		
126		江信国盛	5		2		
127		东兴期货	4		-30		
128		通惠期货	3		-1		
129		中钢期货	3		3		
130		首创京都	2		0		
131		中银国际	2		2		
132		九州期货	2		0		
133		国富期货	2		-122		
134		南证期货	2		-45		
135		中原期货	2		0		
136		云晨期货	1		0		
137		大通期货	1		0		
138		山西三立	1		-7		
总计				175,499		-17,266		



会员类别	总成交量	增减		
期货公司会员	361,836		-21,875		
非期货公司会员	0		0		

会员类别	总持买单量	增减		
期货公司会员	175,499		-17,266		
非期货公司会员	0		0		

会员类别	总持卖单量	增减		
期货公司会员	175,499		-17,266		
非期货公司会员	0		0		

