								大连商品交易所 成交量_买持仓_卖持仓排名	

品种代码：cs		Date：20160914	

			期货公司会员	

名次		会员简称	成交量		增减		
1		永安期货	16,470		-4,951		
2		海通期货	15,422		-3,064		
3		徽商期货	11,276		-10,196		
4		广永期货	9,109		-7,687		
5		方正中期	8,660		-8,028		
6		申银万国	8,646		-11,639		
7		华泰期货	8,369		-20,308		
8		南华期货	8,276		-6,832		
9		国投安信	7,149		-10,156		
10		国泰君安	6,963		-17,255		
11		中信期货	6,151		-12,297		
12		招商期货	6,047		-5,841		
13		鲁证期货	5,924		-2,496		
14		华安期货	5,878		-14,131		
15		兴证期货	5,768		-2,198		
16		华信万达	5,438		2,184		
17		广发期货	5,435		-6,345		
18		东航期货	4,898		-10,269		
19		光大期货	4,683		-8,393		
20		广州期货	4,621		-612		
21		大地期货	4,613		-179		
22		宝城期货	4,202		515		
23		安粮期货	3,909		-2,097		
24		国海良时	3,859		-590		
25		中信建投	3,757		-3,001		
26		宏源期货	3,588		-3,959		
27		东证期货	3,581		-9,064		
28		银河期货	3,512		-5,464		
29		上海中期	3,265		-3,572		
30		弘业期货	3,120		-3,493		
31		冠通期货	3,052		-989		
32		长江期货	2,793		-5,075		
33		瑞达期货	2,705		-2,555		
34		新湖期货	2,597		-2,004		
35		中衍期货	2,585		-2,172		
36		中粮期货	2,527		-2,698		
37		中辉期货	2,491		-1,119		
38		中国国际	2,423		-7,560		
39		集成期货	2,243		-1,281		
40		大越期货	2,228		-673		
41		同信久恒	2,131		-1,141		
42		浙商期货	2,068		-3,712		
43		金瑞期货	2,061		-2,190		
44		国信期货	2,022		-3,427		
45		中大期货	1,875		-3,982		
46		西部期货	1,816		-1,436		
47		迈科期货	1,775		-2,947		
48		美尔雅期货	1,707		-1,915		
49		国联期货	1,618		-1,004		
50		津投期货	1,595		818		
51		五矿经易	1,495		-1,802		
52		江西瑞奇	1,473		-313		
53		中投期货	1,418		-1,049		
54		中融汇信	1,354		-7,988		
55		一德期货	1,325		-10,849		
56		混沌天成	1,301		878		
57		铜冠金源	1,220		170		
58		格林大华	1,164		-3,300		
59		北京首创	1,134		-1,290		
60		平安期货	1,101		-2,061		
61		深圳瑞龙	985		-381		
62		汇鑫期货	944		-1,273		
63		渤海期货	898		-1,213		
64		招金期货	895		-5,649		
65		东方汇金	879		-5,297		
66		华西期货	877		-1,179		
67		海航期货	855		-1,230		
68		国元期货	849		-440		
69		福能期货	837		-1,587		
70		建信期货	800		-5,822		
71		东海期货	776		-2,081		
72		金元期货	776		-1,151		
73		中原期货	770		-478		
74		恒泰期货	758		-1,558		
75		国贸期货	747		-1,004		
76		国金期货	712		-2,109		
77		首创京都	709		-257		
78		英大期货	693		-1,275		
79		信达期货	684		-2,827		
80		华融期货	677		-374		
81		西南期货	670		-714		
82		东兴期货	661		-619		
83		东吴期货	657		-1,136		
84		先融期货	655		-1,461		
85		南证期货	634		-106		
86		中航期货	615		-1,751		
87		国富期货	605		-642		
88		深圳金汇	581		-305		
89		国都期货	572		-2,117		
90		神华期货	554		-286		
91		浙江新世纪	545		-840		
92		华鑫期货	508		-2,350		
93		华联期货	503		-1,081		
94		创元期货	441		-1,403		
95		中钢期货	440		-507		
96		德盛期货	417		-1,020		
97		中州期货	416		-754		
98		红塔期货	415		-1,141		
99		文峰期货	412		-616		
100		上海中财	402		-1,034		
101		江苏新纪元	397		-1,497		
102		河北恒银	345		-48		
103		江信国盛	323		6		
104		和合期货	313		-328		
105		上海大陆	311		-1,643		
106		民生期货	303		-294		
107		江苏东华	299		-205		
108		大有期货	285		-1,761		
109		倍特期货	275		-1,208		
110		金石期货	274		-259		
111		华金期货	238		-60		
112		华龙期货	232		-181		
113		海证期货	216		-502		
114		天风期货	196		-3,085		
115		湖南金信	177		-188		
116		上海东亚	170		-354		
117		晟鑫期货	169		35		
118		中金期货	153		109		
119		中银国际	140		-994		
120		锦泰期货	137		-328		
121		华闻期货	130		-219		
122		长安期货	129		-1,037		
123		中天期货	116		-1,054		
124		山西三立	112		18		
125		财达期货	97		-2,243		
126		兴业期货	91		-47		
127		天富期货	88		-95		
128		第一创业	69		-230		
129		大连良运	67		-223		
130		华创期货	62		-556		
131		道通期货	54		-1,743		
132		新晟期货	50		-529		
133		上海浙石	39		-68		
134		大通期货	37		-29		
135		天鸿期货	35		-761		
136		北京金鹏	32		-455		
137		云晨期货	25		-1,355		
138		九州期货	23		-38		
139		鑫鼎盛期货	13		-18		
140		山金期货	12		-133		
141		盛达期货	6		-60		
142		东方期货	6		-419		
143		新疆天利	5		-155		
144		和融期货	3		-21		
总计				282,964		-347,407	

名次		会员简称	持买单量	增减		
1		永安期货	47,602		3,101		
2		渤海期货	33,681		-2		
3		国泰君安	23,587		8		
4		华泰期货	22,307		-1,532		
5		光大期货	15,891		126		
6		徽商期货	15,666		610		
7		广发期货	15,251		-187		
8		方正中期	14,407		-196		
9		海通期货	13,931		2,625		
10		南华期货	10,933		-547		
11		中信期货	10,636		511		
12		银河期货	10,465		163		
13		申银万国	10,290		-196		
14		浙商期货	9,876		-99		
15		鲁证期货	9,495		-1,124		
16		东航期货	9,405		-123		
17		中国国际	9,228		-510		
18		宏源期货	8,658		391		
19		中粮期货	8,433		-192		
20		中信建投	8,216		449		
21		瑞达期货	8,095		71		
22		中投期货	7,696		289		
23		大地期货	7,689		52		
24		英大期货	7,296		23		
25		国投安信	6,926		39		
26		国海良时	6,209		-703		
27		中辉期货	5,918		-302		
28		国信期货	5,826		-100		
29		兴证期货	5,625		-574		
30		创元期货	5,533		-130		
31		金瑞期货	5,390		31		
32		长江期货	5,139		668		
33		格林大华	5,110		192		
34		五矿经易	4,873		-67		
35		招商期货	4,806		91		
36		上海中期	4,683		-1,815		
37		弘业期货	4,644		-65		
38		广永期货	4,615		54		
39		中大期货	4,367		24		
40		国联期货	4,329		-82		
41		东证期货	4,202		372		
42		中衍期货	3,755		34		
43		北京首创	3,750		-25		
44		东兴期货	3,745		-24		
45		华信万达	3,702		28		
46		大越期货	3,625		-914		
47		宝城期货	3,553		-22		
48		广州期货	3,389		-82		
49		一德期货	3,235		-27		
50		东吴期货	3,229		128		
51		东海期货	3,171		255		
52		美尔雅期货	3,161		307		
53		信达期货	3,101		14		
54		华鑫期货	2,912		-158		
55		安粮期货	2,860		-248		
56		倍特期货	2,841		-3		
57		红塔期货	2,787		3		
58		大有期货	2,701		-5		
59		福能期货	2,678		-8		
60		中融汇信	2,566		-1		
61		汇鑫期货	2,503		388		
62		新湖期货	2,307		68		
63		华联期货	2,060		77		
64		西部期货	1,829		-182		
65		平安期货	1,808		-108		
66		建信期货	1,790		8		
67		华安期货	1,751		-292		
68		国金期货	1,694		-12		
69		中航期货	1,678		11		
70		第一创业	1,636		12		
71		云晨期货	1,608		5		
72		华西期货	1,581		35		
73		国贸期货	1,559		-75		
74		金元期货	1,505		-197		
75		上海东亚	1,389		0		
76		混沌天成	1,323		-266		
77		先融期货	1,306		-80		
78		神华期货	1,304		141		
79		江西瑞奇	1,294		-30		
80		国元期货	1,209		-189		
81		招金期货	1,208		-7		
82		华创期货	1,190		-1		
83		华融期货	1,187		423		
84		中原期货	1,169		-201		
85		江苏东华	1,152		100		
86		江苏新纪元	1,107		-78		
87		上海大陆	1,106		-184		
88		德盛期货	1,100		116		
89		文峰期货	1,099		-191		
90		中州期货	1,064		81		
91		民生期货	1,049		-17		
92		上海中财	1,021		2		
93		中钢期货	1,020		175		
94		迈科期货	1,003		3		
95		海航期货	999		54		
96		深圳瑞龙	964		-19		
97		东方汇金	937		41		
98		盛达期货	935		0		
99		国都期货	935		-174		
100		新晟期货	869		-6		
101		国富期货	862		-464		
102		恒泰期货	831		-36		
103		冠通期货	812		170		
104		津投期货	787		104		
105		南证期货	781		-24		
106		浙江新世纪	738		-91		
107		河北恒银	698		29		
108		兴业期货	698		51		
109		中天期货	665		29		
110		湖南金信	641		-43		
111		摩根大通	640		0		
112		集成期货	604		3		
113		金石期货	582		0		
114		铜冠金源	579		37		
115		西南期货	516		-243		
116		江信国盛	510		82		
117		天鸿期货	485		7		
118		长安期货	476		2		
119		北京金鹏	451		21		
120		同信久恒	450		181		
121		大连良运	445		5		
122		海证期货	436		12		
123		锦泰期货	435		-64		
124		华龙期货	409		14		
125		天风期货	393		-15		
126		财达期货	373		-29		
127		华闻期货	345		4		
128		和合期货	332		-5		
129		首创京都	308		-91		
130		道通期货	260		20		
131		中银国际	238		-5		
132		东方期货	219		0		
133		天富期货	202		-3		
134		山西三立	195		33		
135		深圳金汇	189		-5		
136		上海浙石	153		-34		
137		九州期货	136		0		
138		新疆天利	99		-3		
139		晟鑫期货	93		-60		
140		山金期货	87		0		
141		华金期货	77		-17		
142		鑫鼎盛期货	72		-5		
143		中金期货	62		0		
144		大通期货	42		2		
145		黑龙江时代	20		0		
146		和融期货	17		0		
147		通惠期货	1		0		
总计				560,382		-404		

名次		会员简称	持卖单量	增减		
1		永安期货	41,884		-3,293		
2		国投安信	37,158		2,070		
3		国泰君安	22,405		-709		
4		光大期货	22,142		372		
5		海通期货	20,549		1,647		
6		东证期货	18,485		-371		
7		北京首创	18,428		63		
8		广发期货	17,891		-18		
9		东方汇金	16,940		502		
10		南华期货	15,004		61		
11		华泰期货	13,436		-194		
12		中信期货	13,352		-988		
13		建信期货	12,979		-236		
14		兴证期货	12,227		-156		
15		华信万达	11,737		2,866		
16		中国国际	10,197		-189		
17		申银万国	9,663		920		
18		大地期货	9,266		3,511		
19		格林大华	9,178		-376		
20		迈科期货	9,028		-12		
21		方正中期	8,974		-3,448		
22		鲁证期货	8,558		-500		
23		中融汇信	8,498		-1		
24		东航期货	8,323		-47		
25		倍特期货	8,084		36		
26		广永期货	7,670		-423		
27		新湖期货	7,583		-431		
28		道通期货	7,244		-12		
29		首创京都	6,701		566		
30		招金期货	6,537		104		
31		中粮期货	6,306		295		
32		一德期货	5,897		-10		
33		美尔雅期货	4,875		-286		
34		海航期货	4,861		55		
35		国富期货	4,800		15		
36		西部期货	4,723		-992		
37		五矿经易	4,454		34		
38		深圳瑞龙	4,383		30		
39		浙商期货	4,087		-547		
40		混沌天成	3,850		995		
41		国海良时	3,811		46		
42		平安期货	3,688		-225		
43		银河期货	3,610		-33		
44		中信建投	3,609		236		
45		弘业期货	3,526		221		
46		金瑞期货	3,303		174		
47		瑞达期货	3,125		-1,276		
48		徽商期货	2,584		-142		
49		宏源期货	2,350		131		
50		上海中期	2,269		-338		
51		红塔期货	2,269		-24		
52		国信期货	2,251		-238		
53		宝城期货	2,237		-20		
54		国金期货	2,204		-24		
55		上海大陆	2,191		31		
56		恒泰期货	2,161		-26		
57		招商期货	2,066		258		
58		国都期货	1,996		-50		
59		安粮期货	1,892		-261		
60		中金期货	1,851		95		
61		中原期货	1,804		43		
62		同信久恒	1,801		8		
63		先融期货	1,787		-3		
64		中辉期货	1,782		-227		
65		华安期货	1,772		-194		
66		渤海期货	1,747		284		
67		中钢期货	1,451		-155		
68		浙江新世纪	1,397		-200		
69		英大期货	1,347		-6		
70		东海期货	1,231		11		
71		创元期货	1,228		15		
72		华闻期货	1,155		4		
73		信达期货	1,045		-22		
74		上海中财	1,015		182		
75		金元期货	998		311		
76		广州期货	945		-9		
77		西南期货	903		241		
78		福能期货	856		-55		
79		长江期货	845		-35		
80		中衍期货	838		489		
81		湖南金信	745		2		
82		中大期货	736		-177		
83		长安期货	724		-57		
84		东兴期货	657		-31		
85		华鑫期货	643		-10		
86		中投期货	630		5		
87		铜冠金源	628		359		
88		国联期货	622		-268		
89		中天期货	573		-5		
90		东吴期货	540		-7		
91		汇鑫期货	529		-386		
92		民生期货	423		-2		
93		云晨期货	421		0		
94		华联期货	374		12		
95		上海东亚	355		140		
96		华融期货	326		-40		
97		国元期货	315		60		
98		大连良运	293		0		
99		兴业期货	242		-2		
100		文峰期货	229		165		
101		大有期货	225		-34		
102		南证期货	223		2		
103		天风期货	223		-1		
104		集成期货	218		4		
105		大越期货	201		0		
106		东方期货	200		0		
107		中航期货	169		106		
108		北京金鹏	155		1		
109		冠通期货	136		10		
110		海证期货	130		-24		
111		津投期货	130		-91		
112		中银国际	108		-21		
113		江西瑞奇	107		-31		
114		江苏新纪元	102		-23		
115		和合期货	95		-4		
116		锦泰期货	82		-1		
117		华西期货	79		-8		
118		国贸期货	67		-44		
119		新晟期货	65		0		
120		德盛期货	56		1		
121		神华期货	52		-1		
122		中州期货	49		-3		
123		深圳金汇	49		-6		
124		金石期货	30		-130		
125		江苏东华	23		-1		
126		财达期货	22		6		
127		上海浙石	20		5		
128		华金期货	17		-1		
129		第一创业	15		15		
130		山西三立	11		-1		
131		九州期货	8		-3		
132		天富期货	3		3		
133		晟鑫期货	3		-1		
134		大通期货	2		-5		
135		山金期货	2		2		
136		华创期货	1		1		
137		新疆天利	1		0		
138		华龙期货	1		0		
139		和融期货	0		-1		
140		江信国盛	0		-3		
总计				560,382		-404		



会员类别	总成交量	增减		
期货公司会员	282,964		-347,407	
非期货公司会员	0		0		

会员类别	总持买单量	增减		
期货公司会员	560,382		-404		
非期货公司会员	0		0		

会员类别	总持卖单量	增减		
期货公司会员	560,382		-404		
非期货公司会员	0		0		

