								大连商品交易所 成交量_买持仓_卖持仓排名	

品种代码：cs		Date：20170306	

			期货公司会员	

名次		会员简称	成交量		增减		
1		海通期货	84,953		26,155		
2		中信期货	25,836		4,990		
3		银河期货	24,916		9,461		
4		东证期货	24,599		5,348		
5		永安期货	20,255		-9,997		
6		华信万达	18,115		-4,425		
7		新湖期货	17,025		13,401		
8		光大期货	16,850		4,867		
9		国泰君安	15,781		7,665		
10		广发期货	15,746		1,534		
11		金瑞期货	13,398		4,660		
12		金元期货	12,508		5,032		
13		徽商期货	12,362		3,146		
14		国投安信	12,054		1,992		
15		华泰期货	11,452		3,812		
16		鲁证期货	10,438		5,161		
17		东航期货	9,954		2,767		
18		广州金控	9,696		-1,939		
19		国信期货	9,444		3,626		
20		兴证期货	9,364		-2,042		
21		南华期货	9,213		4,997		
22		西部期货	8,811		3,806		
23		建信期货	8,323		5,215		
24		华安期货	8,291		-1,113		
25		方正中期	8,012		-2,121		
26		中信建投	7,932		797		
27		北京首创	7,270		1,931		
28		招商期货	6,762		3,193		
29		宏源期货	6,714		2,577		
30		申银万国	6,222		-6		
31		弘业期货	6,127		569		
32		长江期货	6,031		-1,689		
33		同信久恒	6,012		3,938		
34		创元期货	5,382		4,159		
35		中国国际	5,186		-1,993		
36		浙商期货	5,074		-801		
37		大地期货	4,601		1,505		
38		中粮期货	3,972		44		
39		国海良时	3,970		310		
40		铜冠金源	3,953		2,123		
41		国富期货	3,750		883		
42		中投期货	3,726		2,657		
43		国都期货	3,711		2,577		
44		中辉期货	3,670		1,375		
45		深圳瑞龙	3,505		1,707		
46		格林大华	3,224		-920		
47		国联期货	2,865		1,134		
48		上海中期	2,824		-1,173		
49		中融汇信	2,817		504		
50		冠通期货	2,724		697		
51		宝城期货	2,715		1,945		
52		中衍期货	2,709		178		
53		北京金鹏	2,550		-1,849		
54		英大期货	2,514		748		
55		中航期货	2,432		1,380		
56		一德期货	2,346		-1,126		
57		东海期货	2,252		243		
58		先融期货	2,229		1,504		
59		华龙期货	2,111		1,245		
60		上海中财	2,101		892		
61		集成期货	2,035		1,069		
62		五矿经易	2,009		-159		
63		美尔雅期货	1,943		114		
64		国元期货	1,939		-77		
65		渤海期货	1,881		499		
66		东方汇金	1,811		1,049		
67		神华期货	1,784		1,254		
68		中银国际	1,722		1,001		
69		瑞达期货	1,710		795		
70		国金期货	1,683		-209		
71		安粮期货	1,611		-525		
72		新纪元期货	1,583		713		
73		信达期货	1,475		95		
74		中原期货	1,432		69		
75		中大期货	1,345		-4,884		
76		迈科期货	1,339		-799		
77		福能期货	1,237		-470		
78		倍特期货	1,199		-56		
79		兴业期货	1,198		204		
80		上海大陆	1,187		-532		
81		中天期货	1,185		-1,288		
82		平安期货	1,107		394		
83		东方期货	1,103		1,079		
84		恒泰期货	1,042		-5,621		
85		江西瑞奇	1,036		-465		
86		大连良运	1,006		439		
87		华鑫期货	1,000		-659		
88		华西期货	982		-1,488		
89		东兴期货	957		-326		
90		海航期货	943		-2,666		
91		德盛期货	932		-157		
92		上海东亚	919		-476		
93		大通期货	912		891		
94		大越期货	827		-148		
95		华联期货	802		357		
96		大有期货	782		-837		
97		国贸期货	746		-547		
98		河北恒银	725		579		
99		广州期货	723		-164		
100		金石期货	711		-609		
101		锦泰期货	705		516		
102		东吴期货	703		-135		
103		民生期货	648		-550		
104		南证期货	620		59		
105		天风期货	605		-660		
106		混沌天成	529		432		
107		华创期货	460		-511		
108		金信期货	443		383		
109		招金期货	438		-377		
110		财达期货	411		251		
111		晟鑫期货	343		296		
112		浙江新世纪	339		-43		
113		九州期货	329		-176		
114		中州期货	326		45		
115		津投期货	307		25		
116		华闻期货	295		110		
117		汇鑫期货	287		-393		
118		新晟期货	282		-28		
119		首创京都	272		123		
120		深圳金汇	257		-71		
121		中钢期货	255		9		
122		江苏东华	246		79		
123		西南期货	182		-75		
124		长安期货	175		-93		
125		华融期货	144		-612		
126		和合期货	142		19		
127		文峰期货	129		33		
128		红塔期货	108		-30		
129		盛达期货	100		44		
130		通惠期货	92		40		
131		海证期货	92		-204		
132		第一创业	89		44		
133		新疆天利	88		71		
134		云晨期货	86		20		
135		山西三立	75		-10		
136		天富期货	70		-12		
137		道通期货	69		-90		
138		和融期货	67		67		
139		天鸿期货	58		-106		
140		江信国盛	52		-540		
141		山金期货	51		-59		
142		中金期货	49		-144		
143		华金期货	26		22		
144		鑫鼎盛期货	25		13		
145		黑龙江时代	12		12		
146		上海浙石	11		9		
总计				621,034		112,498		

名次		会员简称	持买单量	增减		
1		国泰君安	38,488		-2,112		
2		海通期货	31,242		1,888		
3		永安期货	25,619		-1,627		
4		中信期货	24,678		1,692		
5		东航期货	21,977		1,381		
6		华泰期货	19,909		-618		
7		申银万国	17,179		113		
8		华信万达	17,023		1,609		
9		格林大华	16,183		386		
10		兴证期货	15,412		2,987		
11		广发期货	14,374		2,084		
12		南华期货	14,063		2,101		
13		银河期货	13,049		-299		
14		金瑞期货	11,409		2,028		
15		鲁证期货	11,370		593		
16		徽商期货	11,179		-190		
17		方正中期	11,170		335		
18		国投安信	10,786		-530		
19		西部期货	10,732		430		
20		光大期货	10,133		-2,826		
21		浙商期货	9,645		-243		
22		宏源期货	9,296		284		
23		大地期货	9,059		58		
24		新湖期货	8,620		253		
25		东证期货	8,547		89		
26		国信期货	8,309		-111		
27		大越期货	8,187		0		
28		中国国际	7,675		-426		
29		中金期货	6,699		-49		
30		五矿经易	6,632		-130		
31		中粮期货	6,136		130		
32		国富期货	6,106		-246		
33		国海良时	5,821		-331		
34		广州金控	5,804		-1,548		
35		中信建投	5,719		-75		
36		锦泰期货	5,683		-448		
37		弘业期货	5,666		-595		
38		上海中期	5,103		26		
39		中大期货	4,903		23		
40		长江期货	4,556		264		
41		国联期货	4,475		371		
42		宝城期货	4,414		514		
43		上海东亚	4,399		252		
44		先融期货	3,983		93		
45		中衍期货	3,579		-81		
46		北京首创	3,568		51		
47		江西瑞奇	3,546		-63		
48		美尔雅期货	3,438		620		
49		招商期货	3,402		363		
50		中钢期货	3,329		-20		
51		信达期货	3,281		-143		
52		中辉期货	3,241		-740		
53		创元期货	3,198		40		
54		建信期货	3,183		105		
55		一德期货	3,071		-17		
56		英大期货	3,017		-164		
57		国贸期货	2,992		114		
58		华安期货	2,908		-46		
59		北京金鹏	2,876		-171		
60		渤海期货	2,735		-3		
61		东吴期货	2,684		0		
62		中天期货	2,485		740		
63		瑞达期货	2,400		10		
64		同信久恒	2,329		1,907		
65		中投期货	2,291		627		
66		福能期货	2,246		64		
67		华西期货	2,200		259		
68		广州期货	2,194		130		
69		东兴期货	2,006		392		
70		冠通期货	1,957		-520		
71		华联期货	1,910		106		
72		浙江新世纪	1,906		20		
73		倍特期货	1,875		-839		
74		东海期货	1,782		2		
75		平安期货	1,671		-48		
76		迈科期货	1,658		-116		
77		上海中财	1,555		127		
78		国金期货	1,467		-42		
79		金元期货	1,417		-1,164		
80		中原期货	1,388		-167		
81		德盛期货	1,309		180		
82		大有期货	1,252		-172		
83		中融汇信	1,220		-363		
84		新纪元期货	1,213		78		
85		中银国际	1,210		-63		
86		国元期货	1,205		-18		
87		深圳瑞龙	1,086		-9		
88		恒泰期货	1,085		-486		
89		南证期货	1,081		-8		
90		汇鑫期货	1,072		-22		
91		东方汇金	1,014		-28		
92		中航期货	961		-406		
93		天风期货	910		-105		
94		西南期货	909		-117		
95		招金期货	898		-56		
96		兴业期货	796		-130		
97		华融期货	769		21		
98		安粮期货	754		-386		
99		国都期货	740		98		
100		红塔期货	719		-8		
101		金信期货	685		251		
102		首创京都	684		-3		
103		铜冠金源	668		326		
104		民生期货	577		31		
105		集成期货	545		1		
106		财达期货	536		-78		
107		大连良运	515		-276		
108		上海大陆	494		1		
109		神华期货	490		-160		
110		江苏东华	481		8		
111		海证期货	475		-21		
112		华闻期货	473		-31		
113		晟鑫期货	471		17		
114		新晟期货	469		52		
115		河北恒银	456		107		
116		海航期货	421		-96		
117		九州期货	397		-7		
118		华创期货	382		-78		
119		第一创业	360		-34		
120		混沌天成	339		12		
121		盛达期货	323		32		
122		天富期货	318		1		
123		金石期货	308		6		
124		深圳金汇	302		-6		
125		中州期货	282		-39		
126		华鑫期货	269		-144		
127		道通期货	259		19		
128		长安期货	256		2		
129		华龙期货	212		10		
130		和合期货	165		2		
131		摩根大通	145		0		
132		津投期货	122		8		
133		文峰期货	109		-1		
134		山金期货	72		26		
135		山西三立	67		15		
136		云晨期货	63		-32		
137		通惠期货	61		32		
138		鑫鼎盛期货	53		-9		
139		上海浙石	44		5		
140		天鸿期货	30		0		
141		大通期货	27		-2		
142		新疆天利	25		-68		
143		江信国盛	21		-2		
144		华金期货	20		0		
145		黑龙江时代	19		-12		
146		东方期货	11		1		
147		和融期货	3		-3		
总计				625,904		6,776		

名次		会员简称	持卖单量	增减		
1		永安期货	70,632		-2,602		
2		申银万国	61,287		19		
3		中粮期货	41,087		-72		
4		新湖期货	37,855		11,774		
5		建信期货	37,587		-5,694		
6		国投安信	34,328		114		
7		东证期货	25,616		1,448		
8		华泰期货	24,629		-1,324		
9		光大期货	24,018		406		
10		弘业期货	18,272		28		
11		中信期货	17,610		1,730		
12		东方汇金	16,733		-1,359		
13		中国国际	12,945		-404		
14		中大期货	12,516		16		
15		华信万达	11,522		-586		
16		金瑞期货	11,231		274		
17		广发期货	11,006		722		
18		北京首创	8,571		-675		
19		鲁证期货	8,512		-3,627		
20		国泰君安	8,025		1,201		
21		南华期货	7,841		1,918		
22		方正中期	7,588		1,397		
23		海通期货	6,887		1,841		
24		国都期货	5,529		1,003		
25		海航期货	5,526		107		
26		银河期货	5,470		1,871		
27		浙商期货	5,140		-947		
28		广州金控	5,100		-100		
29		兴证期货	4,970		-251		
30		东航期货	4,267		-1,561		
31		创元期货	3,961		-98		
32		徽商期货	3,893		890		
33		五矿经易	3,574		213		
34		格林大华	3,087		66		
35		国海良时	2,733		-27		
36		山金期货	2,633		5		
37		宝城期货	2,589		-305		
38		宏源期货	2,339		1,192		
39		上海大陆	2,323		672		
40		长江期货	2,146		149		
41		先融期货	2,085		32		
42		英大期货	1,933		410		
43		上海中期	1,770		498		
44		一德期货	1,722		-19		
45		信达期货	1,565		-26		
46		中信建投	1,513		101		
47		渤海期货	1,467		280		
48		华鑫期货	1,308		450		
49		招商期货	1,164		251		
50		民生期货	1,164		57		
51		中钢期货	1,125		57		
52		国信期货	1,103		5		
53		东兴期货	1,066		-7		
54		东方期货	1,041		976		
55		中融汇信	1,029		96		
56		神华期货	1,001		-22		
57		国富期货	1,000		-56		
58		国金期货	967		321		
59		深圳瑞龙	954		-82		
60		中航期货	846		278		
61		混沌天成	810		-325		
62		金元期货	706		-422		
63		新纪元期货	690		53		
64		上海东亚	678		1		
65		瑞达期货	655		42		
66		福能期货	650		-57		
67		华安期货	629		-295		
68		招金期货	624		20		
69		大通期货	618		-2		
70		美尔雅期货	611		-175		
71		冠通期货	531		-412		
72		国元期货	516		35		
73		中投期货	514		-187		
74		上海中财	468		-1,384		
75		大地期货	461		-35		
76		中衍期货	433		34		
77		华融期货	430		-1		
78		东海期货	430		120		
79		中辉期货	405		-108		
80		中原期货	397		107		
81		安粮期货	387		-55		
82		广州期货	383		1		
83		大有期货	373		-204		
84		华龙期货	337		95		
85		北京金鹏	321		-233		
86		倍特期货	267		-14		
87		中州期货	263		33		
88		恒泰期货	263		-146		
89		长安期货	247		103		
90		大连良运	245		-22		
91		国贸期货	240		32		
92		铜冠金源	238		75		
93		大越期货	233		11		
94		国联期货	222		-48		
95		兴业期货	222		92		
96		德盛期货	188		4		
97		中天期货	184		47		
98		浙江新世纪	180		29		
99		华西期货	156		55		
100		西部期货	146		-53		
101		华联期货	145		48		
102		深圳金汇	129		59		
103		迈科期货	128		-35		
104		第一创业	128		17		
105		天风期货	117		-300		
106		新晟期货	116		2		
107		南证期货	114		-136		
108		平安期货	113		-21		
109		津投期货	107		-7		
110		同信久恒	99		-2,197		
111		锦泰期货	94		71		
112		江西瑞奇	91		-61		
113		海证期货	88		-23		
114		天鸿期货	77		2		
115		首创京都	77		-87		
116		红塔期货	70		26		
117		华闻期货	63		-2		
118		东吴期货	53		7		
119		汇鑫期货	47		-29		
120		华创期货	47		-40		
121		金石期货	34		-393		
122		西南期货	27		9		
123		集成期货	27		4		
124		和合期货	27		8		
125		财达期货	22		13		
126		江信国盛	17		2		
127		文峰期货	12		4		
128		黑龙江时代	12		0		
129		金信期货	12		4		
130		河北恒银	11		0		
131		山西三立	9		0		
132		江苏东华	9		-2		
133		中银国际	6		1		
134		鑫鼎盛期货	3		2		
135		道通期货	3		2		
136		九州期货	3		-2		
137		通惠期货	3		0		
138		晟鑫期货	3		-2		
139		天富期货	2		1		
140		和融期货	2		0		
141		云晨期货	2		0		
142		华金期货	2		-2		
143		新疆天利	1		-2		
总计				625,904		6,776		



会员类别	总成交量	增减		
期货公司会员	621,034		112,498		
非期货公司会员	0		0		

会员类别	总持买单量	增减		
期货公司会员	625,904		6,776		
非期货公司会员	0		0		

会员类别	总持卖单量	增减		
期货公司会员	625,904		6,776		
非期货公司会员	0		0		

