								大连商品交易所 成交量_买持仓_卖持仓排名	

品种代码：cs		Date：20170213	

			期货公司会员	

名次		会员简称	成交量		增减		
1		海通期货	61,477		7,135		
2		国泰君安	23,850		5,734		
3		中信期货	23,226		3,234		
4		国投安信	22,873		1,107		
5		东证期货	21,947		3,125		
6		永安期货	17,370		5,904		
7		华信万达	16,902		8,291		
8		光大期货	16,724		6,885		
9		徽商期货	15,426		-9,071		
10		方正中期	14,405		7,092		
11		华泰期货	13,802		3,566		
12		银河期货	13,235		4,882		
13		西部期货	12,229		-314		
14		长江期货	11,320		8,717		
15		广州金控	10,408		3,354		
16		兴证期货	9,934		-6,126		
17		广发期货	9,774		845		
18		中信建投	8,647		-4,129		
19		鲁证期货	8,135		586		
20		东航期货	8,076		-2,649		
21		安粮期货	7,903		1,620		
22		新湖期货	7,827		-57		
23		恒泰期货	7,567		6,936		
24		金瑞期货	7,435		-878		
25		招商期货	7,284		536		
26		南华期货	6,628		-1,266		
27		金元期货	6,317		-1,066		
28		上海中期	6,304		2,394		
29		上海东亚	5,918		4,964		
30		英大期货	5,874		2,025		
31		格林大华	5,739		2,224		
32		申银万国	5,655		-2,745		
33		迈科期货	5,536		3,465		
34		宏源期货	5,372		-90		
35		国信期货	5,363		548		
36		中融汇信	4,933		3,219		
37		弘业期货	4,780		-282		
38		中国国际	4,774		-1,641		
39		浙商期货	4,584		1,333		
40		北京首创	4,353		-1,176		
41		华创期货	4,328		-637		
42		宝城期货	4,225		1,918		
43		华安期货	4,149		-158		
44		国海良时	4,081		828		
45		华西期货	3,819		1,518		
46		五矿经易	3,752		17		
47		国联期货	3,506		75		
48		中粮期货	3,491		-908		
49		中辉期货	3,428		28		
50		美尔雅期货	3,368		1,571		
51		东海期货	3,316		-612		
52		中衍期货	3,156		-655		
53		广州期货	3,073		-651		
54		国贸期货	2,979		2,248		
55		新晟期货	2,830		-9		
56		中大期货	2,824		-501		
57		一德期货	2,370		-2,900		
58		国富期货	2,301		-924		
59		创元期货	2,225		479		
60		大地期货	2,219		-2,928		
61		国金期货	2,164		-386		
62		铜冠金源	2,139		-1,418		
63		东方汇金	2,110		142		
64		瑞达期货	2,092		-47		
65		华联期货	2,049		325		
66		信达期货	2,018		-655		
67		中投期货	1,978		-30		
68		海航期货	1,938		74		
69		建信期货	1,784		-1,422		
70		倍特期货	1,763		403		
71		华鑫期货	1,758		-1,680		
72		新纪元期货	1,699		236		
73		渤海期货	1,650		739		
74		中原期货	1,642		-155		
75		国元期货	1,566		544		
76		冠通期货	1,517		-132		
77		福能期货	1,430		-823		
78		江西瑞奇	1,416		-1,701		
79		深圳瑞龙	1,402		-2,964		
80		上海大陆	1,401		619		
81		中天期货	1,375		742		
82		平安期货	1,371		266		
83		大越期货	1,354		401		
84		江苏东华	1,323		-213		
85		中银国际	1,273		1,054		
86		德盛期货	1,175		333		
87		东吴期货	1,150		-453		
88		同信久恒	1,050		81		
89		中钢期货	1,025		394		
90		浙江新世纪	962		-529		
91		北京金鹏	947		428		
92		东兴期货	944		72		
93		中航期货	888		-560		
94		华闻期货	878		89		
95		集成期货	876		244		
96		招金期货	808		81		
97		上海中财	797		-197		
98		锦泰期货	701		169		
99		红塔期货	691		502		
100		金石期货	673		325		
101		先融期货	667		-449		
102		华融期货	664		145		
103		中州期货	645		206		
104		神华期货	643		39		
105		大有期货	596		-470		
106		南证期货	563		216		
107		民生期货	555		-391		
108		深圳金汇	545		362		
109		天风期货	505		-276		
110		和合期货	491		189		
111		兴业期货	373		135		
112		西南期货	367		48		
113		财达期货	351		-78		
114		云晨期货	326		71		
115		文峰期货	305		275		
116		国都期货	296		-301		
117		河北恒银	293		-214		
118		混沌天成	293		-386		
119		道通期货	292		158		
120		中金期货	286		-114		
121		海证期货	279		-508		
122		津投期货	267		-861		
123		大连良运	265		-436		
124		华龙期货	253		47		
125		第一创业	247		20		
126		通惠期货	196		81		
127		汇鑫期货	193		-77		
128		金信期货	191		20		
129		天富期货	176		44		
130		长安期货	156		-206		
131		首创京都	151		39		
132		山西三立	99		-18		
133		山金期货	98		-73		
134		江信国盛	81		1		
135		天鸿期货	75		18		
136		九州期货	59		-33		
137		晟鑫期货	40		-4		
138		鑫鼎盛期货	31		-38		
139		新疆天利	25		21		
140		大通期货	19		4		
141		黑龙江时代	19		-7		
142		华金期货	18		-141		
143		盛达期货	9		5		
144		东方期货	2		2		
总计				593,128		57,993		

名次		会员简称	持买单量	增减		
1		海通期货	35,694		-467		
2		国泰君安	27,227		-470		
3		华泰期货	25,120		-340		
4		申银万国	22,343		105		
5		永安期货	21,233		278		
6		鲁证期货	20,612		534		
7		广发期货	20,225		-1,012		
8		银河期货	19,058		4,630		
9		东航期货	18,954		267		
10		华信万达	17,426		-1,980		
11		格林大华	17,128		-86		
12		中信期货	16,259		-438		
13		方正中期	16,242		-573		
14		兴证期货	14,690		-1,403		
15		国投安信	14,569		18		
16		大地期货	14,549		-323		
17		金瑞期货	14,223		-1,428		
18		徽商期货	14,173		477		
19		中国国际	13,357		282		
20		上海东亚	13,329		1,808		
21		西部期货	12,867		-1,605		
22		中粮期货	11,616		-82		
23		国联期货	10,945		79		
24		南华期货	10,713		-728		
25		国海良时	10,668		-549		
26		光大期货	10,585		-2,704		
27		宏源期货	10,578		815		
28		东证期货	10,027		122		
29		浙商期货	9,765		270		
30		中信建投	9,347		638		
31		大越期货	9,012		-6		
32		弘业期货	9,004		-168		
33		新湖期货	8,908		-36		
34		国信期货	7,658		91		
35		广州金控	7,649		110		
36		宝城期货	7,528		2,471		
37		华创期货	7,393		1,508		
38		恒泰期货	7,342		5,973		
39		上海中期	6,470		-392		
40		中大期货	6,203		26		
41		长江期货	5,987		61		
42		中衍期货	5,828		425		
43		中辉期货	5,800		40		
44		信达期货	5,792		694		
45		中金期货	5,537		282		
46		东海期货	5,395		-905		
47		中投期货	5,327		383		
48		渤海期货	5,320		260		
49		五矿经易	5,077		674		
50		招商期货	5,020		184		
51		先融期货	4,742		-23		
52		江西瑞奇	4,678		374		
53		广州期货	4,536		1,933		
54		英大期货	4,378		-1,794		
55		瑞达期货	4,291		221		
56		北京首创	4,015		24		
57		国富期货	4,008		-146		
58		一德期货	3,966		-296		
59		美尔雅期货	3,834		-356		
60		建信期货	3,684		-63		
61		中天期货	3,567		-423		
62		福能期货	3,356		-32		
63		华安期货	3,336		690		
64		国贸期货	3,291		-897		
65		倍特期货	3,239		857		
66		浙江新世纪	3,092		-237		
67		新纪元期货	3,072		491		
68		国金期货	3,040		569		
69		锦泰期货	2,901		119		
70		北京金鹏	2,870		383		
71		安粮期货	2,692		264		
72		东吴期货	2,690		316		
73		东兴期货	2,637		118		
74		金元期货	2,611		-622		
75		中原期货	2,567		-248		
76		平安期货	2,546		21		
77		华联期货	2,528		272		
78		华西期货	2,286		279		
79		德盛期货	2,258		135		
80		神华期货	2,139		-264		
81		迈科期货	2,133		173		
82		中航期货	2,076		-75		
83		中钢期货	1,930		623		
84		国都期货	1,859		-27		
85		民生期货	1,821		-124		
86		东方汇金	1,677		244		
87		中银国际	1,665		23		
88		创元期货	1,636		297		
89		华鑫期货	1,573		11		
90		国元期货	1,542		58		
91		云晨期货	1,522		4		
92		上海中财	1,474		30		
93		红塔期货	1,412		406		
94		冠通期货	1,348		408		
95		大有期货	1,318		45		
96		深圳瑞龙	1,300		-115		
97		南证期货	1,226		-114		
98		招金期货	1,086		13		
99		西南期货	1,072		-107		
100		铜冠金源	1,052		152		
101		中州期货	1,024		-35		
102		集成期货	973		-21		
103		新晟期货	879		-2,328		
104		海航期货	806		-1,073		
105		兴业期货	800		7		
106		大连良运	793		-28		
107		汇鑫期货	730		15		
108		天风期货	722		-209		
109		海证期货	709		-60		
110		江苏东华	684		-9		
111		财达期货	647		53		
112		华闻期货	633		42		
113		混沌天成	623		-40		
114		第一创业	618		-81		
115		同信久恒	606		-100		
116		首创京都	596		39		
117		河北恒银	575		94		
118		上海大陆	531		15		
119		九州期货	522		-3		
120		和合期货	517		52		
121		长安期货	484		42		
122		道通期货	479		-14		
123		华金期货	466		-2		
124		金信期货	421		-2		
125		华融期货	376		27		
126		中融汇信	334		18		
127		金石期货	311		-171		
128		盛达期货	303		-3		
129		华龙期货	299		3		
130		深圳金汇	268		11		
131		津投期货	229		47		
132		文峰期货	201		-160		
133		通惠期货	186		21		
134		天富期货	184		24		
135		鑫鼎盛期货	182		-1		
136		山金期货	147		14		
137		摩根大通	145		0		
138		江信国盛	124		20		
139		新疆天利	121		-7		
140		晟鑫期货	106		5		
141		山西三立	102		-7		
142		黑龙江时代	58		1		
143		天鸿期货	46		3		
144		大通期货	39		4		
145		上海浙石	11		0		
146		东方期货	7		2		
147		和融期货	5		0		
总计				764,966		7,605		

名次		会员简称	持卖单量	增减		
1		永安期货	92,340		578		
2		申银万国	65,837		-34		
3		中粮期货	42,183		63		
4		建信期货	41,402		-107		
5		国投安信	38,223		163		
6		国富期货	31,717		893		
7		华泰期货	31,438		-70		
8		光大期货	21,477		1,386		
9		鲁证期货	20,277		2,453		
10		中信期货	17,949		1,240		
11		华信万达	17,927		-370		
12		海航期货	16,616		-17		
13		金瑞期货	14,841		-1,361		
14		国泰君安	14,696		568		
15		格林大华	14,682		1		
16		弘业期货	14,617		316		
17		一德期货	14,107		-234		
18		南华期货	13,088		-2,800		
19		广发期货	12,920		1,236		
20		北京首创	11,651		935		
21		东证期货	10,994		-181		
22		国都期货	10,393		-49		
23		新湖期货	10,388		-83		
24		华鑫期货	9,862		1,337		
25		中融汇信	9,394		-4,005		
26		宝城期货	8,761		-34		
27		方正中期	8,558		1,490		
28		广州金控	8,383		-850		
29		倍特期货	7,661		22		
30		东方汇金	7,652		904		
31		中国国际	7,148		-30		
32		浙商期货	6,972		-188		
33		海通期货	6,811		334		
34		兴证期货	5,435		269		
35		天风期货	5,038		38		
36		五矿经易	4,507		636		
37		东航期货	4,452		91		
38		创元期货	4,325		134		
39		上海中期	4,272		-340		
40		银河期货	4,189		915		
41		中大期货	4,185		946		
42		长江期货	4,114		433		
43		混沌天成	3,951		167		
44		先融期货	3,671		4		
45		安粮期货	3,667		575		
46		宏源期货	3,538		601		
47		英大期货	3,278		244		
48		徽商期货	3,211		63		
49		迈科期货	2,570		-2,261		
50		金元期货	2,366		197		
51		江西瑞奇	2,231		-300		
52		大地期货	2,166		190		
53		同信久恒	1,763		-40		
54		中钢期货	1,643		-166		
55		国信期货	1,632		216		
56		渤海期货	1,491		54		
57		国海良时	1,469		-14		
58		西部期货	1,417		32		
59		美尔雅期货	1,407		-46		
60		上海中财	1,352		-27		
61		金石期货	1,326		0		
62		华西期货	1,241		1,118		
63		冠通期货	1,068		-41		
64		中信建投	1,061		163		
65		深圳瑞龙	1,042		25		
66		瑞达期货	1,011		19		
67		上海大陆	864		84		
68		招商期货	761		-22		
69		招金期货	730		-1		
70		恒泰期货	672		72		
71		铜冠金源	614		71		
72		广州期货	588		-46		
73		上海东亚	565		0		
74		红塔期货	562		-1		
75		福能期货	549		198		
76		中投期货	542		81		
77		大有期货	485		3		
78		信达期货	415		-20		
79		中辉期货	400		54		
80		华安期货	372		23		
81		东兴期货	365		186		
82		国金期货	335		-115		
83		东海期货	315		-443		
84		和合期货	307		291		
85		津投期货	272		-30		
86		神华期货	263		9		
87		新纪元期货	250		8		
88		锦泰期货	244		-68		
89		华联期货	223		-5		
90		国贸期货	219		24		
91		大连良运	212		1		
92		国元期货	198		-32		
93		德盛期货	160		2		
94		中天期货	160		132		
95		浙江新世纪	155		-9		
96		国联期货	145		-43		
97		第一创业	143		-4		
98		北京金鹏	140		16		
99		大越期货	139		4		
100		金信期货	137		-39		
101		中衍期货	129		-11		
102		民生期货	126		17		
103		天鸿期货	125		0		
104		华闻期货	119		-4		
105		兴业期货	104		6		
106		平安期货	98		-50		
107		南证期货	97		-7		
108		东吴期货	91		-30		
109		深圳金汇	73		0		
110		天富期货	62		10		
111		新晟期货	59		0		
112		海证期货	53		-1		
113		集成期货	47		-13		
114		华融期货	39		1		
115		中航期货	35		7		
116		长安期货	32		-2		
117		华创期货	17		0		
118		中州期货	17		10		
119		河北恒银	15		-1		
120		财达期货	14		4		
121		中原期货	12		6		
122		新疆天利	10		0		
123		首创京都	7		0		
124		九州期货	7		-2		
125		中银国际	5		0		
126		山西三立	4		0		
127		晟鑫期货	3		1		
128		云晨期货	2		0		
129		大通期货	2		-3		
130		上海浙石	2		0		
131		西南期货	2		-10		
132		盛达期货	1		0		
133		汇鑫期货	1		-2		
134		通惠期货	1		1		
135		文峰期货	0		-101		
136		江信国盛	0		-1		
137		华龙期货	0		-2		
总计				764,966		7,605		



会员类别	总成交量	增减		
期货公司会员	593,128		57,993		
非期货公司会员	0		0		

会员类别	总持买单量	增减		
期货公司会员	764,966		7,605		
非期货公司会员	0		0		

会员类别	总持卖单量	增减		
期货公司会员	764,966		7,605		
非期货公司会员	0		0		

