								大连商品交易所 成交量_买持仓_卖持仓排名	

品种代码：cs		Date：20170317	

			期货公司会员	

名次		会员简称	成交量		增减		
1		海通期货	52,735		-11,999		
2		国投安信	25,288		1,173		
3		永安期货	20,303		-5,717		
4		中信期货	19,739		-7,535		
5		东证期货	16,669		-1,564		
6		光大期货	16,171		-10,087		
7		华信万达	14,290		-6,062		
8		广州金控	13,930		-4,823		
9		银河期货	12,652		-12,262		
10		华泰期货	12,077		-3,410		
11		长江期货	11,228		-6,118		
12		东航期货	11,101		-2,320		
13		徽商期货	10,939		-5,276		
14		方正中期	10,300		-1,655		
15		国泰君安	10,208		-5,855		
16		国信期货	10,064		-3,858		
17		东方汇金	8,703		616		
18		鲁证期货	8,703		-6,355		
19		兴证期货	8,333		-4,605		
20		西部期货	8,277		-4,587		
21		广发期货	8,044		-5,309		
22		中信建投	6,924		46		
23		华安期货	6,095		-744		
24		申银万国	5,733		67		
25		国都期货	5,701		3,400		
26		浙商期货	5,246		-6,578		
27		金瑞期货	5,145		-9,880		
28		安粮期货	4,623		-1,078		
29		上海中期	4,605		-1,575		
30		中粮期货	4,447		-4,699		
31		中融汇信	4,399		-1,564		
32		冠通期货	4,319		652		
33		宏源期货	4,042		-4,837		
34		新湖期货	4,023		-2,727		
35		中国国际	3,660		-1,355		
36		南华期货	3,626		-7,663		
37		国金期货	3,506		62		
38		北京首创	3,344		-4,125		
39		中银国际	3,085		2,021		
40		迈科期货	3,064		-1,332		
41		弘业期货	2,983		-6,617		
42		五矿经易	2,922		1,481		
43		招商期货	2,898		-15,451		
44		渤海期货	2,848		-1,688		
45		国海良时	2,782		-3,972		
46		深圳瑞龙	2,651		1,082		
47		华西期货	2,536		-1,159		
48		华鑫期货	2,493		1,259		
49		国富期货	2,466		-1,573		
50		信达期货	2,380		-1,867		
51		浙江新世纪	2,363		937		
52		上海中财	2,341		732		
53		创元期货	2,234		-3,389		
54		海航期货	2,158		-38		
55		中衍期货	2,123		-1,067		
56		美尔雅期货	2,080		-552		
57		格林大华	1,949		-4,757		
58		国联期货	1,843		-4,423		
59		中辉期货	1,747		-4,254		
60		江西瑞奇	1,633		-1,034		
61		英大期货	1,622		-3,441		
62		一德期货	1,613		-1,007		
63		东海期货	1,561		-3,616		
64		瑞达期货	1,367		-1,888		
65		民生期货	1,311		328		
66		建信期货	1,191		-215		
67		东兴期货	1,187		-700		
68		上海东亚	1,181		-433		
69		宝城期货	1,109		-2,726		
70		上海大陆	1,090		-3,315		
71		大地期货	1,072		-728		
72		大连良运	1,031		124		
73		国元期货	968		-852		
74		金元期货	968		-5,852		
75		集成期货	966		223		
76		广州期货	957		-543		
77		中投期货	954		-2,418		
78		大有期货	949		-1,484		
79		倍特期货	921		-2,887		
80		汇鑫期货	898		-932		
81		福能期货	864		-497		
82		中大期货	861		-6,493		
83		先融期货	837		-457		
84		兴业期货	827		-146		
85		新纪元期货	822		-5,743		
86		江苏东华	795		512		
87		国贸期货	792		-1,938		
88		中天期货	749		-1,081		
89		华闻期货	591		128		
90		大越期货	582		-484		
91		恒泰期货	579		-795		
92		神华期货	577		-261		
93		大通期货	572		-1,543		
94		津投期货	572		-363		
95		同信久恒	566		-102		
96		金石期货	553		-236		
97		天风期货	549		-1,852		
98		平安期货	518		-389		
99		中原期货	517		-1,877		
100		中金期货	516		510		
101		招金期货	510		-314		
102		海证期货	496		213		
103		东吴期货	488		-1,197		
104		华龙期货	480		-8		
105		铜冠金源	433		-2,307		
106		华联期货	423		-551		
107		德盛期货	414		-1,013		
108		中航期货	368		-1,302		
109		新晟期货	316		-1,288		
110		中钢期货	303		-686		
111		华创期货	295		-527		
112		中州期货	240		-163		
113		深圳金汇	233		-314		
114		北京金鹏	229		-4,411		
115		红塔期货	215		-188		
116		南证期货	204		-154		
117		河北恒银	192		-34		
118		财达期货	184		-225		
119		华融期货	165		-311		
120		和合期货	162		-73		
121		长安期货	160		-713		
122		第一创业	158		-158		
123		混沌天成	138		-398		
124		九州期货	134		-1,035		
125		锦泰期货	134		-1,036		
126		东方期货	130		-1,021		
127		云晨期货	117		-69		
128		江信国盛	110		-34		
129		金信期货	88		-63		
130		鑫鼎盛期货	78		-41		
131		西南期货	78		-244		
132		文峰期货	73		-31		
133		山金期货	70		0		
134		晟鑫期货	52		18		
135		山西三立	41		-45		
136		道通期货	40		-59		
137		首创京都	38		-146		
138		通惠期货	34		12		
139		天鸿期货	28		18		
140		盛达期货	19		-329		
141		华金期货	19		-3		
142		新疆天利	17		-196		
143		天富期货	11		-104		
144		上海浙石	10		-207		
145		黑龙江时代	5		-29		
146		和融期货	2		-10		
总计				487,060		-272,112	

名次		会员简称	持买单量	增减		
1		国泰君安	36,385		205		
2		华信万达	23,388		1,640		
3		永安期货	21,649		-1,094		
4		华泰期货	17,088		-1,298		
5		中信期货	16,348		-3,294		
6		海通期货	16,207		-462		
7		东航期货	15,696		2,003		
8		南华期货	15,656		294		
9		格林大华	14,825		231		
10		申银万国	14,334		-810		
11		金瑞期货	12,724		743		
12		光大期货	11,584		219		
13		国投安信	9,729		-1,765		
14		鲁证期货	9,491		-887		
15		方正中期	9,154		911		
16		大越期货	8,550		-38		
17		徽商期货	8,024		-274		
18		银河期货	7,955		-1,345		
19		宏源期货	7,671		515		
20		中粮期货	7,455		247		
21		浙商期货	6,793		-678		
22		兴证期货	6,670		-2,686		
23		中金期货	6,622		310		
24		中国国际	6,421		-125		
25		中钢期货	6,413		54		
26		新湖期货	6,351		-177		
27		上海东亚	6,113		-1,141		
28		西部期货	5,736		-746		
29		上海中期	5,621		-53		
30		广发期货	5,605		-90		
31		锦泰期货	5,541		-13		
32		国富期货	5,344		-464		
33		东证期货	5,265		-266		
34		国信期货	5,232		-1,530		
35		大地期货	4,984		-33		
36		国海良时	4,595		36		
37		长江期货	4,591		-275		
38		广州金控	4,571		236		
39		国联期货	4,319		121		
40		倍特期货	4,223		-218		
41		中融汇信	4,117		1,384		
42		中信建投	3,521		-31		
43		中大期货	3,493		-20		
44		北京首创	3,416		-19		
45		五矿经易	3,409		16		
46		先融期货	3,394		27		
47		弘业期货	3,005		41		
48		江西瑞奇	2,959		-17		
49		创元期货	2,958		-54		
50		新纪元期货	2,923		-30		
51		宝城期货	2,847		114		
52		美尔雅期货	2,814		-24		
53		华安期货	2,791		-783		
54		中辉期货	2,786		46		
55		渤海期货	2,526		618		
56		冠通期货	2,493		484		
57		英大期货	2,409		-81		
58		中天期货	2,348		-39		
59		瑞达期货	2,310		314		
60		同信久恒	2,301		46		
61		一德期货	2,292		389		
62		建信期货	2,260		-133		
63		浙江新世纪	2,205		-71		
64		中衍期货	2,194		-15		
65		招商期货	2,169		89		
66		中投期货	1,851		-153		
67		东海期货	1,819		355		
68		广州期货	1,791		279		
69		国贸期货	1,740		94		
70		海航期货	1,726		536		
71		信达期货	1,712		-203		
72		迈科期货	1,698		-68		
73		华鑫期货	1,658		1,396		
74		上海中财	1,582		-216		
75		东吴期货	1,551		-46		
76		福能期货	1,506		-295		
77		北京金鹏	1,500		18		
78		国金期货	1,375		-193		
79		华联期货	1,232		55		
80		德盛期货	1,196		-10		
81		东方汇金	1,190		-12		
82		民生期货	1,165		147		
83		中银国际	1,134		-28		
84		平安期货	1,130		-145		
85		汇鑫期货	1,122		-190		
86		中原期货	1,112		44		
87		东方期货	1,094		2		
88		深圳瑞龙	1,071		286		
89		华西期货	1,031		23		
90		金元期货	1,010		2		
91		国元期货	980		119		
92		新晟期货	916		25		
93		大连良运	885		-1		
94		中航期货	885		12		
95		海证期货	861		292		
96		安粮期货	847		-220		
97		大有期货	817		-318		
98		天风期货	802		-34		
99		盛达期货	758		1		
100		西南期货	743		-7		
101		恒泰期货	672		21		
102		东兴期货	663		-127		
103		集成期货	623		134		
104		国都期货	618		54		
105		江苏东华	574		231		
106		首创京都	562		10		
107		第一创业	529		10		
108		招金期货	527		-5		
109		兴业期货	521		-59		
110		红塔期货	518		-17		
111		中州期货	498		4		
112		南证期货	495		3		
113		金信期货	439		-4		
114		云晨期货	424		10		
115		神华期货	423		-30		
116		上海大陆	397		-52		
117		财达期货	389		-2		
118		河北恒银	357		6		
119		华龙期货	341		26		
120		山西三立	302		-1		
121		金石期货	295		5		
122		华闻期货	295		3		
123		津投期货	237		-79		
124		长安期货	225		0		
125		混沌天成	198		117		
126		铜冠金源	192		-63		
127		华融期货	188		-24		
128		华创期货	180		31		
129		九州期货	167		24		
130		天富期货	163		11		
131		摩根大通	145		0		
132		和合期货	121		-79		
133		道通期货	115		5		
134		通惠期货	81		2		
135		山金期货	73		6		
136		文峰期货	61		-14		
137		深圳金汇	53		-15		
138		江信国盛	47		11		
139		黑龙江时代	47		3		
140		大通期货	43		1		
141		鑫鼎盛期货	37		7		
142		晟鑫期货	36		-1		
143		天鸿期货	23		-2		
144		新疆天利	17		-5		
145		上海浙石	16		-10		
146		华金期货	5		1		
147		和融期货	1		0		
总计				521,286		-8,052		

名次		会员简称	持卖单量	增减		
1		永安期货	64,204		1,169		
2		中粮期货	41,059		-724		
3		国投安信	33,277		-5,701		
4		光大期货	30,762		1,268		
5		建信期货	28,574		140		
6		华泰期货	27,077		-209		
7		申银万国	26,253		-159		
8		东证期货	18,599		71		
9		中大期货	18,470		-21		
10		弘业期货	17,445		-502		
11		金瑞期货	16,904		618		
12		中信期货	13,344		735		
13		北京首创	12,919		1,165		
14		新湖期货	12,622		692		
15		中国国际	11,514		189		
16		广发期货	9,319		-400		
17		浙商期货	8,848		338		
18		国泰君安	8,359		117		
19		南华期货	8,347		50		
20		东航期货	7,064		1,158		
21		兴证期货	6,186		755		
22		华信万达	5,440		0		
23		海通期货	5,303		-3,315		
24		创元期货	4,803		90		
25		国都期货	4,291		-2,665		
26		鲁证期货	4,000		-1,848		
27		银河期货	3,494		469		
28		海航期货	3,390		28		
29		东海期货	3,188		428		
30		五矿经易	2,818		-60		
31		宝城期货	2,605		113		
32		格林大华	2,598		-26		
33		方正中期	2,478		447		
34		广州金控	2,351		-430		
35		国信期货	2,318		1,494		
36		山金期货	2,291		10		
37		徽商期货	2,227		-203		
38		国联期货	2,181		44		
39		天风期货	2,093		175		
40		渤海期货	1,965		348		
41		东方汇金	1,747		-7,973		
42		东兴期货	1,704		642		
43		大通期货	1,680		137		
44		先融期货	1,604		28		
45		宏源期货	1,558		385		
46		深圳瑞龙	1,415		591		
47		冠通期货	1,333		567		
48		新纪元期货	1,286		24		
49		国富期货	1,224		186		
50		中信建投	1,205		325		
51		信达期货	1,195		103		
52		金元期货	1,144		58		
53		上海中期	1,129		-204		
54		美尔雅期货	1,114		770		
55		招商期货	1,041		-109		
56		神华期货	1,038		-169		
57		英大期货	890		-51		
58		西部期货	861		59		
59		长江期货	854		117		
60		中融汇信	831		111		
61		金石期货	783		328		
62		安粮期货	708		-47		
63		民生期货	700		422		
64		一德期货	694		30		
65		国海良时	657		150		
66		中钢期货	655		51		
67		华鑫期货	648		119		
68		中投期货	593		17		
69		华安期货	559		-36		
70		瑞达期货	542		65		
71		上海中财	513		-273		
72		大连良运	482		-2		
73		大地期货	471		-31		
74		福能期货	392		15		
75		迈科期货	366		-86		
76		华西期货	352		193		
77		华闻期货	340		-36		
78		新晟期货	318		-5		
79		国贸期货	304		90		
80		国元期货	300		-5		
81		东吴期货	286		166		
82		上海东亚	278		-4		
83		广州期货	263		18		
84		恒泰期货	263		-16		
85		混沌天成	258		9		
86		中辉期货	249		-51		
87		九州期货	226		-16		
88		大有期货	221		-241		
89		中衍期货	205		18		
90		津投期货	199		73		
91		中航期货	194		42		
92		国金期货	160		-37		
93		招金期货	159		47		
94		中原期货	157		-21		
95		倍特期货	147		-109		
96		中州期货	142		2		
97		同信久恒	132		64		
98		第一创业	127		-58		
99		兴业期货	105		-82		
100		浙江新世纪	93		-2		
101		华联期货	80		10		
102		德盛期货	80		18		
103		北京金鹏	77		-11		
104		南证期货	75		-9		
105		上海大陆	73		-92		
106		平安期货	72		9		
107		深圳金汇	69		26		
108		铜冠金源	65		-50		
109		江西瑞奇	61		-2		
110		华融期货	60		33		
111		西南期货	58		15		
112		海证期货	57		8		
113		中天期货	55		-16		
114		长安期货	42		-100		
115		华创期货	39		12		
116		大越期货	31		-10		
117		江信国盛	22		-3		
118		红塔期货	20		12		
119		河北恒银	20		-4		
120		云晨期货	19		-5		
121		首创京都	19		0		
122		汇鑫期货	16		4		
123		锦泰期货	16		-1		
124		中银国际	11		7		
125		和合期货	11		1		
126		金信期货	11		-10		
127		山西三立	11		2		
128		文峰期货	8		-9		
129		华龙期货	7		4		
130		财达期货	7		0		
131		集成期货	5		0		
132		鑫鼎盛期货	5		5		
133		江苏东华	4		0		
134		上海浙石	2		0		
135		晟鑫期货	1		1		
136		华金期货	1		0		
137		天富期货	1		0		
138		通惠期货	1		-2		
139		道通期货	0		-1		
140		东方期货	0		-100		
总计				521,286		-8,052		



会员类别	总成交量	增减		
期货公司会员	487,060		-272,112	
非期货公司会员	0		0		

会员类别	总持买单量	增减		
期货公司会员	521,286		-8,052		
非期货公司会员	0		0		

会员类别	总持卖单量	增减		
期货公司会员	521,286		-8,052		
非期货公司会员	0		0		

