								大连商品交易所 成交量_买持仓_卖持仓排名	

品种代码：cs		Date：20170719	

			期货公司会员	

名次		会员简称	成交量		增减		
1		华安期货	26,990		-13,608		
2		光大期货	22,297		-903		
3		兴证期货	20,121		-3,140		
4		华泰期货	18,016		6,410		
5		海通期货	17,515		-5,232		
6		中信期货	17,129		-1,216		
7		广州金控	16,147		3,509		
8		国投安信	13,596		-3,104		
9		永安期货	10,446		1,702		
10		南华期货	8,952		-1,744		
11		东证期货	8,351		-1,146		
12		徽商期货	8,189		-4,319		
13		东航期货	8,060		-161		
14		方正中期	7,939		2,139		
15		中大期货	7,768		7,239		
16		鲁证期货	7,056		-1,428		
17		广发期货	6,696		732		
18		华信期货	6,674		-868		
19		汇鑫期货	6,204		802		
20		宏源期货	5,738		692		
21		新湖期货	5,572		317		
22		国泰君安	5,528		-3		
23		中信建投	5,340		-325		
24		弘业期货	4,940		701		
25		西部期货	4,900		-1,817		
26		北京首创	4,745		-959		
27		银河期货	4,742		-1,613		
28		国信期货	4,570		-3,401		
29		长安期货	4,373		1,435		
30		安粮期货	4,215		2,834		
31		长江期货	3,905		1,841		
32		金瑞期货	3,805		-840		
33		申银万国	3,468		-1,455		
34		中辉期货	3,158		-873		
35		浙商期货	3,030		579		
36		中银国际	2,938		-490		
37		中粮期货	2,920		-54		
38		中国国际	2,873		1,164		
39		宝城期货	2,548		-248		
40		建信期货	2,497		58		
41		倍特期货	2,452		638		
42		国联期货	2,389		-425		
43		大地期货	2,203		975		
44		渤海期货	2,109		-167		
45		国金期货	2,098		-414		
46		一德期货	2,078		409		
47		浙江新世纪	2,011		1,513		
48		瑞达期货	1,996		926		
49		上海中期	1,965		-294		
50		金元期货	1,827		469		
51		五矿经易	1,822		-13,711		
52		迈科期货	1,817		636		
53		创元期货	1,653		1,097		
54		英大期货	1,622		201		
55		国富期货	1,585		-1,615		
56		美尔雅期货	1,577		63		
57		国海良时	1,502		-677		
58		中衍期货	1,449		165		
59		中天期货	1,403		942		
60		上海东亚	1,346		978		
61		新纪元期货	1,306		521		
62		招商期货	1,293		337		
63		江信国盛	1,235		229		
64		信达期货	1,145		-69		
65		国元期货	1,139		520		
66		东海期货	1,122		-364		
67		冠通期货	1,054		260		
68		东吴期货	1,053		73		
69		华鑫期货	1,013		-5,760		
70		恒泰期货	1,005		-170		
71		江苏东华	972		280		
72		广州期货	954		-450		
73		上海大陆	937		-156		
74		和合期货	922		827		
75		大越期货	850		479		
76		格林大华	822		-347		
77		深圳瑞龙	799		239		
78		福能期货	778		-122		
79		东方汇金	765		-402		
80		国贸期货	727		-497		
81		华西期货	689		66		
82		中财期货	683		-763		
83		东兴期货	665		-1,227		
84		大有期货	653		293		
85		铜冠金源	652		70		
86		海航期货	645		-756		
87		平安期货	642		43		
88		中融汇信	608		-2,833		
89		中原期货	595		-161		
90		集成期货	568		124		
91		中投期货	526		-1,232		
92		江西瑞奇	475		-122		
93		华闻期货	460		-1		
94		招金期货	443		158		
95		中航期货	438		-51		
96		和融期货	421		61		
97		中州期货	414		6		
98		德盛期货	403		227		
99		兴业期货	392		-252		
100		先融期货	384		-54		
101		首创京都	373		38		
102		南证期货	369		-73		
103		第一创业	364		204		
104		同信久恒	318		-339		
105		大连良运	306		58		
106		神华期货	288		-22		
107		天风期货	271		-479		
108		东方期货	247		18		
109		云晨期货	240		219		
110		津投期货	235		69		
111		国都期货	230		-156		
112		道通期货	216		-19		
113		海证期货	214		-786		
114		深圳金汇	207		-860		
115		中钢期货	202		-70		
116		锦泰期货	201		24		
117		文峰期货	193		-313		
118		民生期货	186		-445		
119		华联期货	183		-455		
120		混沌天成	173		-456		
121		西南期货	156		-196		
122		北京金鹏	150		-73		
123		金石期货	137		21		
124		财达期货	133		59		
125		华龙期货	131		85		
126		晟鑫期货	120		101		
127		新晟期货	116		-1		
128		河北恒银	109		24		
129		红塔期货	95		-30		
130		中金期货	87		71		
131		华融期货	82		-60		
132		天富期货	75		53		
133		九州期货	71		-107		
134		天鸿期货	69		-147		
135		盛达期货	58		-923		
136		山西三立	54		-24		
137		新疆天利	45		19		
138		华创期货	37		11		
139		鑫鼎盛期货	37		-16		
140		华金期货	34		28		
141		金信期货	15		-87		
142		山金期货	9		-13		
143		大通期货	8		-4		
总计				398,346		-41,112		

名次		会员简称	持买单量	增减		
1		中国国际	30,528		-168		
2		华泰期货	18,521		284		
3		永安期货	17,613		-671		
4		海通期货	15,740		-403		
5		中粮期货	12,914		739		
6		南华期货	12,086		-1,361		
7		广发期货	10,358		5		
8		国投安信	10,355		-2,263		
9		光大期货	9,770		-1,348		
10		中信期货	9,674		-2,129		
11		渤海期货	9,202		-347		
12		一德期货	9,185		392		
13		银河期货	8,154		-1,490		
14		兴证期货	8,136		-4,255		
15		东航期货	7,749		488		
16		国泰君安	7,418		-502		
17		方正中期	7,039		-717		
18		长江期货	7,028		86		
19		华信期货	6,677		268		
20		招商期货	5,315		95		
21		徽商期货	5,021		869		
22		东证期货	4,953		560		
23		鲁证期货	4,162		353		
24		申银万国	3,990		22		
25		中融汇信	3,846		125		
26		新湖期货	3,745		74		
27		浙商期货	3,629		-344		
28		迈科期货	3,479		-484		
29		国信期货	3,410		-791		
30		弘业期货	3,225		-767		
31		金瑞期货	3,179		-365		
32		东兴期货	3,099		-223		
33		上海大陆	2,690		-315		
34		中衍期货	2,685		108		
35		信达期货	2,654		-270		
36		冠通期货	2,393		25		
37		北京首创	2,301		166		
38		宝城期货	2,289		113		
39		中辉期货	2,283		202		
40		宏源期货	2,271		-377		
41		建信期货	2,179		-1,080		
42		安粮期货	2,164		1,575		
43		五矿经易	1,982		-687		
44		倍特期货	1,917		-50		
45		上海东亚	1,900		732		
46		美尔雅期货	1,888		328		
47		国富期货	1,860		-87		
48		国海良时	1,857		-31		
49		格林大华	1,789		-51		
50		国贸期货	1,708		-7		
51		中信建投	1,690		-228		
52		中钢期货	1,626		-15		
53		广州期货	1,562		-125		
54		英大期货	1,444		515		
55		中投期货	1,391		58		
56		大越期货	1,357		-264		
57		大有期货	1,280		-29		
58		瑞达期货	1,280		-1,411		
59		混沌天成	1,274		131		
60		海航期货	1,165		-14		
61		福能期货	1,142		-113		
62		上海中期	1,132		39		
63		江西瑞奇	1,113		-27		
64		国联期货	1,048		-823		
65		东海期货	1,022		374		
66		华安期货	998		15		
67		东吴期货	984		-152		
68		大地期货	974		179		
69		中航期货	917		-123		
70		广州金控	913		-84		
71		中财期货	912		-66		
72		西部期货	892		-396		
73		和合期货	890		791		
74		新纪元期货	870		-297		
75		中银国际	867		-302		
76		深圳瑞龙	845		58		
77		江信国盛	786		545		
78		中天期货	781		-86		
79		兴业期货	767		38		
80		华西期货	751		-13		
81		华联期货	707		63		
82		浙江新世纪	697		-493		
83		华闻期货	629		70		
84		西南期货	618		17		
85		招金期货	610		-100		
86		国金期货	594		-4		
87		海证期货	591		-1		
88		中原期货	557		170		
89		中大期货	549		5		
90		中金期货	523		87		
91		首创京都	515		76		
92		同信久恒	507		52		
93		国元期货	504		-135		
94		德盛期货	485		-105		
95		山西三立	451		-5		
96		大连良运	446		-21		
97		平安期货	438		-41		
98		华融期货	425		-2		
99		锦泰期货	421		59		
100		恒泰期货	372		38		
101		民生期货	367		-26		
102		云晨期货	362		44		
103		北京金鹏	337		24		
104		河北恒银	332		-2		
105		神华期货	310		36		
106		汇鑫期货	309		-135		
107		国都期货	281		-75		
108		天风期货	277		-23		
109		创元期货	272		-69		
110		深圳金汇	263		-2		
111		道通期货	239		20		
112		东方汇金	236		38		
113		财达期货	228		15		
114		南证期货	226		-34		
115		华鑫期货	226		23		
116		集成期货	220		14		
117		铜冠金源	213		-128		
118		江苏东华	192		-99		
119		中州期货	187		-73		
120		九州期货	187		-20		
121		晟鑫期货	185		97		
122		文峰期货	173		22		
123		新晟期货	172		-69		
124		盛达期货	165		-53		
125		金元期货	151		-601		
126		摩根大通	150		0		
127		金石期货	136		28		
128		红塔期货	120		-24		
129		华龙期货	119		63		
130		津投期货	116		-124		
131		上海浙石	82		0		
132		金信期货	78		-1		
133		东方期货	64		-107		
134		先融期货	58		-23		
135		第一创业	54		-186		
136		新疆天利	52		45		
137		长安期货	35		-258		
138		天富期货	32		9		
139		大通期货	23		-2		
140		华金期货	20		14		
141		天鸿期货	12		-49		
142		通惠期货	12		0		
143		华创期货	7		-13		
144		鑫鼎盛期货	6		-35		
145		山金期货	5		-6		
146		黑龙江时代	4		0		
147		和融期货	4		-21		
总计				358,621		-17,835		

名次		会员简称	持卖单量	增减		
1		光大期货	40,275		-31		
2		国投安信	39,981		-2,547		
3		永安期货	32,257		-2,203		
4		华泰期货	17,507		-3,846		
5		南华期货	15,177		193		
6		北京首创	14,034		157		
7		五矿经易	13,825		3		
8		中粮期货	13,682		679		
9		申银万国	10,894		-248		
10		中大期货	10,331		-7,099		
11		浙商期货	10,116		1,092		
12		兴证期货	8,016		824		
13		东证期货	6,604		597		
14		国泰君安	6,390		470		
15		一德期货	6,090		654		
16		汇鑫期货	5,924		-1,467		
17		金瑞期货	5,744		-394		
18		中金期货	5,592		0		
19		鲁证期货	5,258		-215		
20		银河期货	5,224		-190		
21		中信期货	5,143		232		
22		渤海期货	4,981		544		
23		华信期货	4,551		-260		
24		方正中期	4,077		-704		
25		大地期货	3,831		-186		
26		中融汇信	3,601		169		
27		长江期货	3,524		-91		
28		新湖期货	3,465		-56		
29		中国国际	3,026		337		
30		广发期货	2,808		-2,101		
31		迈科期货	2,769		-51		
32		海通期货	2,566		-1,958		
33		上海大陆	2,425		4		
34		宏源期货	2,250		419		
35		东航期货	1,962		860		
36		广州金控	1,937		373		
37		弘业期货	1,590		-677		
38		中钢期货	1,469		-7		
39		西部期货	1,370		346		
40		国富期货	1,345		18		
41		格林大华	1,283		-101		
42		海航期货	1,274		-513		
43		国贸期货	1,263		-42		
44		国信期货	1,225		177		
45		金元期货	1,157		224		
46		英大期货	1,100		-127		
47		招商期货	999		-30		
48		徽商期货	950		-326		
49		新纪元期货	937		51		
50		大连良运	910		39		
51		广州期货	735		69		
52		中信建投	733		170		
53		倍特期货	645		-94		
54		华鑫期货	645		136		
55		中银国际	640		-140		
56		和合期货	572		7		
57		建信期货	559		473		
58		大有期货	549		16		
59		美尔雅期货	547		-29		
60		宝城期货	535		-221		
61		兴业期货	525		76		
62		华安期货	466		-221		
63		浙江新世纪	456		210		
64		福能期货	390		5		
65		山西三立	364		1		
66		信达期货	351		141		
67		红塔期货	344		-1		
68		神华期货	339		-16		
69		集成期货	338		-6		
70		中投期货	317		-18		
71		招金期货	289		75		
72		恒泰期货	258		-137		
73		国联期货	250		-134		
74		东海期货	247		186		
75		国都期货	237		-11		
76		深圳瑞龙	233		91		
77		国海良时	225		61		
78		瑞达期货	220		39		
79		中财期货	218		47		
80		华西期货	214		150		
81		大越期货	204		-22		
82		东兴期货	198		32		
83		中辉期货	195		38		
84		国金期货	189		-612		
85		上海中期	183		66		
86		平安期货	164		-35		
87		东方汇金	140		-357		
88		江苏东华	138		25		
89		中衍期货	137		-109		
90		国元期货	123		-12		
91		中航期货	122		107		
92		海证期货	110		61		
93		德盛期货	106		22		
94		铜冠金源	99		-18		
95		混沌天成	89		4		
96		长安期货	88		-49		
97		冠通期货	88		1		
98		江西瑞奇	81		58		
99		创元期货	78		-46		
100		中原期货	76		-31		
101		安粮期货	74		16		
102		东吴期货	70		11		
103		深圳金汇	67		-79		
104		民生期货	60		48		
105		华联期货	55		2		
106		先融期货	53		1		
107		九州期货	51		-5		
108		锦泰期货	48		-44		
109		山金期货	43		3		
110		津投期货	43		-5		
111		中天期货	43		-7		
112		华融期货	41		-2		
113		南证期货	36		-3		
114		中州期货	33		-67		
115		西南期货	19		17		
116		上海东亚	19		-2		
117		同信久恒	18		-6		
118		华创期货	16		8		
119		文峰期货	15		15		
120		华闻期货	11		0		
121		云晨期货	8		-72		
122		东方期货	7		0		
123		第一创业	6		0		
124		财达期货	6		2		
125		华龙期货	3		-2		
126		道通期货	3		-12		
127		河北恒银	2		-1		
128		天风期货	2		-26		
129		新晟期货	2		-9		
130		首创京都	1		1		
131		金信期货	1		-2		
132		和融期货	1		-100		
133		大通期货	1		0		
134		盛达期货	1		1		
135		天富期货	1		0		
136		上海浙石	1		0		
137		北京金鹏	1		-30		
138		金石期货	1		-1		
139		晟鑫期货	0		-1		
140		江信国盛	0		-506		
141		天鸿期货	0		-18		
总计				358,621		-17,835		



会员类别	总成交量	增减		
期货公司会员	398,346		-41,112		
非期货公司会员	0		0		

会员类别	总持买单量	增减		
期货公司会员	358,621		-17,835		
非期货公司会员	0		0		

会员类别	总持卖单量	增减		
期货公司会员	358,621		-17,835		
非期货公司会员	0		0		

