								大连商品交易所 成交量_买持仓_卖持仓排名	

品种代码：cs		Date：20170622	

			期货公司会员	

名次		会员简称	成交量		增减		
1		海通期货	15,442		-10,699		
2		光大期货	14,788		-8,399		
3		东证期货	9,730		-1,211		
4		华泰期货	8,290		-3,401		
5		中信期货	7,768		-1,596		
6		华安期货	7,493		-7,685		
7		国泰君安	6,716		-3,345		
8		方正中期	6,159		-3,873		
9		广州金控	5,590		-985		
10		汇鑫期货	5,542		-3		
11		华信期货	5,247		-1,086		
12		兴证期货	5,207		-4,226		
13		国投安信	4,975		-3,759		
14		东航期货	4,677		-2,453		
15		徽商期货	4,505		-2,007		
16		广发期货	3,788		-1,176		
17		鲁证期货	3,614		-2,649		
18		上海大陆	3,551		2,634		
19		长江期货	3,507		-1,004		
20		申银万国	3,438		-153		
21		永安期货	3,341		-5,773		
22		新湖期货	3,226		370		
23		金瑞期货	3,152		-2,478		
24		大有期货	3,121		1,457		
25		江信国盛	2,721		1,657		
26		东方汇金	2,484		976		
27		国都期货	2,428		-1,077		
28		倍特期货	2,278		-1,989		
29		宝城期货	2,222		-531		
30		西部期货	2,115		-1,309		
31		弘业期货	1,999		-621		
32		北京首创	1,965		-615		
33		浙商期货	1,903		112		
34		国信期货	1,887		-4,212		
35		宏源期货	1,862		-2,191		
36		大越期货	1,764		-1,130		
37		天风期货	1,604		-280		
38		国富期货	1,597		-1,944		
39		南华期货	1,588		-2,924		
40		中辉期货	1,577		-621		
41		中粮期货	1,551		-387		
42		中信建投	1,493		-2,114		
43		东海期货	1,469		-1,264		
44		中银国际	1,447		-207		
45		新纪元期货	1,445		274		
46		中衍期货	1,402		525		
47		银河期货	1,360		-1,513		
48		冠通期货	1,295		-504		
49		安粮期货	1,292		-754		
50		国金期货	1,177		-1,182		
51		上海中期	1,141		-112		
52		中国国际	1,137		-1,637		
53		美尔雅期货	1,014		-337		
54		中投期货	960		449		
55		格林大华	935		-16,282		
56		招商期货	886		-287		
57		国海良时	873		-451		
58		恒泰期货	813		-267		
59		建信期货	777		-429		
60		广州期货	769		247		
61		国联期货	716		-1,793		
62		中财期货	704		-310		
63		中融汇信	649		-365		
64		信达期货	583		-456		
65		深圳金汇	572		-465		
66		五矿经易	549		-474		
67		深圳瑞龙	546		-176		
68		华西期货	543		-300		
69		英大期货	527		-254		
70		兴业期货	506		27		
71		渤海期货	505		-2,479		
72		国元期货	500		-8		
73		中天期货	497		27		
74		创元期货	466		-540		
75		同信久恒	461		119		
76		一德期货	438		-390		
77		华鑫期货	425		-1,136		
78		瑞达期货	425		-114		
79		中大期货	408		-539		
80		福能期货	385		-207		
81		锦泰期货	381		106		
82		金元期货	350		-965		
83		东吴期货	348		-340		
84		迈科期货	301		-1,323		
85		先融期货	299		-119		
86		神华期货	298		139		
87		浙江新世纪	294		-83		
88		江西瑞奇	271		48		
89		中州期货	263		47		
90		华闻期货	249		-77		
91		招金期货	240		-680		
92		国贸期货	223		-463		
93		东兴期货	218		-337		
94		平安期货	188		-318		
95		红塔期货	174		-340		
96		铜冠金源	166		-501		
97		中原期货	152		-135		
98		中航期货	144		-192		
99		德盛期货	143		-98		
100		华融期货	132		40		
101		华龙期货	132		14		
102		上海东亚	129		68		
103		中钢期货	128		-612		
104		华联期货	128		-153		
105		南证期货	119		-180		
106		海证期货	115		-49		
107		新晟期货	101		50		
108		混沌天成	98		18		
109		山西三立	98		59		
110		大地期货	94		-70		
111		文峰期货	91		75		
112		云晨期货	90		-42		
113		上海浙石	90		-100		
114		财达期货	88		-12		
115		津投期货	82		-96		
116		民生期货	78		-280		
117		大连良运	78		-139		
118		和融期货	74		36		
119		九州期货	70		-49		
120		东方期货	68		-77		
121		天富期货	68		45		
122		集成期货	68		-255		
123		长安期货	61		-61		
124		西南期货	60		9		
125		江苏东华	60		-23		
126		第一创业	52		-7		
127		华创期货	52		-52		
128		首创京都	50		-91		
129		新疆天利	48		-38		
130		盛达期货	47		35		
131		金石期货	46		-97		
132		道通期货	44		-143		
133		和合期货	41		-961		
134		中金期货	39		15		
135		河北恒银	37		-9		
136		金信期货	34		-215		
137		华金期货	29		-29		
138		海航期货	24		-185		
139		北京金鹏	20		-243		
140		鑫鼎盛期货	17		0		
141		黑龙江时代	16		16		
142		通惠期货	16		6		
143		山金期货	16		-10		
144		天鸿期货	16		5		
145		大通期货	14		2		
146		晟鑫期货	4		-8		
总计				216,266		-125,688	

名次		会员简称	持买单量	增减		
1		华信期货	27,618		-225		
2		中国国际	25,068		-148		
3		南华期货	24,752		-116		
4		华泰期货	24,137		-2,006		
5		永安期货	22,738		63		
6		国投安信	16,181		-317		
7		中信期货	13,049		1,090		
8		中粮期货	11,486		-685		
9		海通期货	10,714		-721		
10		兴证期货	10,604		-965		
11		光大期货	10,266		-3,422		
12		广发期货	9,551		0		
13		方正中期	9,215		307		
14		东航期货	9,211		-563		
15		银河期货	8,666		32		
16		长江期货	8,072		-381		
17		中融汇信	7,986		389		
18		国泰君安	7,421		456		
19		申银万国	6,730		90		
20		渤海期货	6,222		-43		
21		东证期货	5,360		232		
22		徽商期货	5,085		-150		
23		国信期货	4,999		39		
24		迈科期货	4,146		-28		
25		浙商期货	4,031		-523		
26		一德期货	3,862		60		
27		西部期货	3,703		308		
28		新湖期货	3,512		-223		
29		国联期货	3,314		-105		
30		格林大华	3,281		-17		
31		海航期货	3,256		-4		
32		建信期货	3,152		-143		
33		金瑞期货	3,058		-906		
34		浙江新世纪	2,939		-63		
35		五矿经易	2,754		-152		
36		鲁证期货	2,719		124		
37		宏源期货	2,690		201		
38		招商期货	2,664		-160		
39		广州金控	2,583		-10		
40		东兴期货	2,568		23		
41		上海中期	2,331		-44		
42		宝城期货	2,327		111		
43		北京首创	2,305		-227		
44		国贸期货	2,281		-1		
45		中信建投	2,216		-80		
46		中衍期货	2,206		-508		
47		国富期货	2,198		-378		
48		混沌天成	2,143		-1		
49		上海大陆	2,105		325		
50		大越期货	2,083		-677		
51		中钢期货	2,032		-24		
52		英大期货	1,991		12		
53		弘业期货	1,977		16		
54		中辉期货	1,826		-105		
55		美尔雅期货	1,767		-67		
56		福能期货	1,746		20		
57		冠通期货	1,679		-245		
58		华安期货	1,604		758		
59		国海良时	1,578		12		
60		大地期货	1,439		-12		
61		大有期货	1,381		12		
62		东海期货	1,293		39		
63		中大期货	1,149		-5		
64		东吴期货	1,148		-15		
65		兴业期货	1,015		37		
66		深圳瑞龙	1,005		24		
67		信达期货	951		-175		
68		金元期货	839		-24		
69		东方汇金	829		181		
70		新纪元期货	737		-454		
71		安粮期货	733		-127		
72		江信国盛	730		604		
73		江西瑞奇	681		-2		
74		中财期货	679		-472		
75		上海东亚	670		83		
76		天风期货	670		-1,054		
77		平安期货	658		55		
78		倍特期货	651		-29		
79		招金期货	632		-21		
80		中投期货	631		-29		
81		国金期货	626		-18		
82		华西期货	604		-11		
83		广州期货	576		-15		
84		中航期货	569		-44		
85		华联期货	565		-5		
86		瑞达期货	558		-89		
87		中金期货	545		-9		
88		创元期货	539		46		
89		津投期货	536		-20		
90		德盛期货	500		-43		
91		中银国际	462		-404		
92		长安期货	443		16		
93		华鑫期货	430		8		
94		中原期货	417		-41		
95		恒泰期货	415		24		
96		北京金鹏	413		0		
97		中州期货	391		1		
98		中天期货	378		28		
99		云晨期货	359		-29		
100		山西三立	352		-6		
101		同信久恒	350		-111		
102		西南期货	350		3		
103		河北恒银	349		12		
104		民生期货	340		-32		
105		锦泰期货	339		3		
106		先融期货	336		-68		
107		神华期货	324		46		
108		首创京都	321		-34		
109		国元期货	298		1		
110		国都期货	268		-20		
111		集成期货	260		21		
112		盛达期货	253		0		
113		第一创业	221		10		
114		华闻期货	218		15		
115		汇鑫期货	210		19		
116		深圳金汇	202		-15		
117		道通期货	183		-20		
118		海证期货	183		-32		
119		南证期货	166		-1		
120		铜冠金源	153		-46		
121		九州期货	150		23		
122		金石期货	130		17		
123		文峰期货	122		0		
124		和合期货	121		7		
125		晟鑫期货	120		0		
126		红塔期货	119		-122		
127		新晟期货	114		-18		
128		鑫鼎盛期货	101		-15		
129		财达期货	98		4		
130		华融期货	90		36		
131		摩根大通	73		0		
132		江苏东华	71		3		
133		华龙期货	55		-76		
134		金信期货	54		-22		
135		华创期货	49		10		
136		天鸿期货	39		-10		
137		大连良运	34		-45		
138		大通期货	29		-3		
139		天富期货	27		17		
140		东方期货	17		0		
141		山金期货	15		-8		
142		新疆天利	14		9		
143		华金期货	11		4		
144		通惠期货	4		-11		
145		和融期货	4		0		
146		上海浙石	1		-90		
总计				412,943		-12,299		

名次		会员简称	持卖单量	增减		
1		永安期货	48,004		-198		
2		国投安信	47,399		936		
3		光大期货	40,173		-4,064		
4		华信期货	20,164		672		
5		华泰期货	19,104		-730		
6		中粮期货	15,182		-160		
7		南华期货	14,812		374		
8		东证期货	14,065		-1,460		
9		北京首创	13,853		-52		
10		中大期货	12,284		-9		
11		申银万国	10,217		-1,546		
12		汇鑫期货	7,584		-867		
13		方正中期	7,341		-4		
14		国都期货	6,850		-304		
15		中金期货	5,836		-24		
16		浙商期货	5,769		398		
17		国泰君安	5,751		524		
18		金瑞期货	5,221		-120		
19		海通期货	4,987		-293		
20		中融汇信	4,665		24		
21		中国国际	4,586		-47		
22		徽商期货	4,583		-509		
23		兴证期货	4,524		340		
24		鲁证期货	3,991		-104		
25		广州金控	3,834		-52		
26		恒泰期货	3,767		-205		
27		海航期货	3,665		0		
28		大地期货	3,634		-10		
29		中信期货	3,612		-204		
30		深圳金汇	3,551		-145		
31		广发期货	3,113		-816		
32		弘业期货	2,799		-537		
33		迈科期货	2,765		-43		
34		长江期货	2,680		16		
35		华鑫期货	2,428		37		
36		新湖期货	2,397		13		
37		格林大华	2,230		-18		
38		一德期货	2,114		-2		
39		上海大陆	2,068		4		
40		华安期货	1,736		831		
41		招商期货	1,690		32		
42		渤海期货	1,686		126		
43		大越期货	1,624		313		
44		银河期货	1,591		244		
45		中钢期货	1,591		-2		
46		宏源期货	1,472		-167		
47		中天期货	1,437		-119		
48		国贸期货	1,249		-8		
49		混沌天成	1,225		-5		
50		安粮期货	1,199		-131		
51		东方汇金	1,125		427		
52		金元期货	908		86		
53		国富期货	908		-317		
54		倍特期货	874		-1,559		
55		上海中期	829		-33		
56		新纪元期货	816		23		
57		中信建投	813		-37		
58		国信期货	790		26		
59		英大期货	784		-77		
60		中投期货	783		553		
61		东航期货	764		-124		
62		美尔雅期货	764		-5		
63		中辉期货	728		-24		
64		五矿经易	702		-13		
65		国海良时	626		75		
66		宝城期货	609		-757		
67		大连良运	606		-3		
68		大有期货	594		-1,345		
69		国金期货	554		63		
70		西部期货	535		-17		
71		广州期货	518		-6		
72		东海期货	510		-140		
73		红塔期货	490		-12		
74		信达期货	460		-66		
75		铜冠金源	446		28		
76		先融期货	443		-37		
77		中原期货	378		-27		
78		神华期货	362		-6		
79		浙江新世纪	358		49		
80		集成期货	340		5		
81		山西三立	314		0		
82		建信期货	311		30		
83		兴业期货	304		45		
84		东吴期货	278		-17		
85		国联期货	272		-117		
86		中财期货	271		12		
87		东兴期货	245		69		
88		创元期货	231		-40		
89		福能期货	225		11		
90		瑞达期货	213		-4		
91		中衍期货	202		-32		
92		国元期货	193		-21		
93		深圳瑞龙	183		90		
94		中航期货	171		18		
95		华西期货	164		32		
96		中银国际	149		-419		
97		天富期货	133		11		
98		上海东亚	129		20		
99		新晟期货	116		-1		
100		招金期货	116		-51		
101		同信久恒	115		4		
102		云晨期货	95		21		
103		平安期货	94		19		
104		天鸿期货	67		-4		
105		北京金鹏	65		-2		
106		江西瑞奇	64		-97		
107		和合期货	61		4		
108		冠通期货	58		6		
109		长安期货	51		-1		
110		江苏东华	48		9		
111		华联期货	48		-5		
112		南证期货	44		-4		
113		德盛期货	39		-2		
114		西南期货	38		-11		
115		九州期货	37		-1		
116		中州期货	30		10		
117		民生期货	27		-26		
118		东方期货	26		0		
119		津投期货	21		0		
120		财达期货	19		0		
121		海证期货	17		5		
122		金信期货	15		0		
123		华闻期货	12		-6		
124		山金期货	11		0		
125		华创期货	11		-6		
126		首创京都	11		0		
127		新疆天利	10		5		
128		锦泰期货	10		-4		
129		河北恒银	9		3		
130		晟鑫期货	9		0		
131		天风期货	6		-14		
132		江信国盛	6		-499		
133		华金期货	5		5		
134		华龙期货	5		2		
135		和融期货	5		-10		
136		通惠期货	3		3		
137		道通期货	3		0		
138		华融期货	2		0		
139		金石期货	2		1		
140		鑫鼎盛期货	1		0		
141		盛达期货	1		1		
142		第一创业	1		0		
143		上海浙石	1		0		
144		文峰期货	1		1		
145		大通期货	0		-1		
总计				412,943		-12,299		



会员类别	总成交量	增减		
期货公司会员	216,266		-125,688	
非期货公司会员	0		0		

会员类别	总持买单量	增减		
期货公司会员	412,943		-12,299		
非期货公司会员	0		0		

会员类别	总持卖单量	增减		
期货公司会员	412,943		-12,299		
非期货公司会员	0		0		

