								大连商品交易所 成交量_买持仓_卖持仓排名	

品种代码：cs		Date：20170331	

			期货公司会员	

名次		会员简称	成交量		增减		
1		海通期货	61,794		9,340		
2		华安期货	23,951		10,533		
3		中信期货	22,199		4,619		
4		永安期货	17,395		4,817		
5		东航期货	16,977		7,266		
6		广州金控	16,334		4,803		
7		华泰期货	14,744		5,224		
8		国投安信	14,568		-666		
9		光大期货	13,266		5,539		
10		弘业期货	12,992		6,714		
11		方正中期	11,493		2,186		
12		国泰君安	11,358		3,890		
13		徽商期货	11,148		517		
14		新湖期货	10,790		8,299		
15		东证期货	10,407		1,383		
16		兴证期货	9,937		1,354		
17		银河期货	9,246		1,611		
18		西部期货	9,199		2,946		
19		中粮期货	7,951		4,865		
20		华信万达	7,913		2,029		
21		广发期货	7,802		1,090		
22		宏源期货	7,347		4,564		
23		金瑞期货	6,722		3,531		
24		中融汇信	6,646		1,596		
25		创元期货	6,366		4,916		
26		鲁证期货	6,362		1,539		
27		国信期货	6,340		543		
28		中信建投	6,041		2,058		
29		国富期货	5,977		4,392		
30		上海中期	5,669		3,081		
31		招商期货	5,459		2,383		
32		申银万国	5,256		746		
33		南华期货	5,074		-3,883		
34		浙商期货	5,012		-1,524		
35		五矿经易	4,787		3,579		
36		长江期货	4,540		120		
37		浙江新世纪	4,258		2,224		
38		格林大华	4,175		2,563		
39		渤海期货	3,846		-4,837		
40		华西期货	3,770		1,160		
41		美尔雅期货	3,734		2,483		
42		中国国际	3,635		-238		
43		迈科期货	3,561		674		
44		国都期货	3,464		1,870		
45		瑞达期货	3,150		-169		
46		冠通期货	3,116		1,656		
47		中大期货	3,079		916		
48		中衍期货	2,846		1,045		
49		中辉期货	2,809		568		
50		深圳瑞龙	2,797		1,077		
51		中银国际	2,522		2,211		
52		国海良时	2,394		1,148		
53		宝城期货	2,338		-378		
54		大有期货	2,283		-52		
55		国金期货	2,251		426		
56		一德期货	2,209		477		
57		建信期货	2,200		1,262		
58		北京首创	2,041		-900		
59		中天期货	2,009		929		
60		新纪元期货	1,924		1,005		
61		国联期货	1,866		396		
62		金元期货	1,850		-1,845		
63		华鑫期货	1,824		-1,542		
64		东海期货	1,790		366		
65		广州期货	1,781		1,211		
66		大越期货	1,776		1,472		
67		和合期货	1,742		-773		
68		铜冠金源	1,739		1,356		
69		中金期货	1,736		30		
70		集成期货	1,701		986		
71		安粮期货	1,624		-1,191		
72		信达期货	1,591		852		
73		大地期货	1,495		-119		
74		东方汇金	1,483		771		
75		同信久恒	1,456		435		
76		中原期货	1,318		563		
77		先融期货	1,302		-50		
78		英大期货	1,293		-1,572		
79		中投期货	1,246		-275		
80		上海大陆	1,240		545		
81		海航期货	1,225		860		
82		东兴期货	1,178		-1,138		
83		北京金鹏	1,154		-777		
84		南证期货	1,138		229		
85		倍特期货	1,078		60		
86		江西瑞奇	1,067		315		
87		东方期货	1,049		997		
88		天风期货	1,043		339		
89		福能期货	1,016		590		
90		恒泰期货	958		327		
91		国贸期货	933		-318		
92		德盛期货	931		367		
93		国元期货	892		248		
94		华联期货	888		-267		
95		兴业期货	866		-174		
96		财达期货	836		432		
97		东吴期货	820		-102		
98		上海东亚	788		-401		
99		民生期货	777		279		
100		上海中财	754		-966		
101		深圳金汇	710		342		
102		平安期货	696		223		
103		鑫鼎盛期货	653		545		
104		招金期货	591		-64		
105		新晟期货	590		290		
106		中航期货	547		-5		
107		津投期货	459		111		
108		中钢期货	428		267		
109		汇鑫期货	426		241		
110		第一创业	370		246		
111		中州期货	364		127		
112		长安期货	359		263		
113		华融期货	334		-60		
114		锦泰期货	328		-39		
115		上海浙石	324		316		
116		神华期货	323		109		
117		山西三立	249		31		
118		大连良运	241		63		
119		华龙期货	228		-6		
120		华闻期货	222		30		
121		江信国盛	211		120		
122		西南期货	190		36		
123		海证期货	176		-58		
124		道通期货	169		-6		
125		金信期货	167		107		
126		金石期货	163		104		
127		江苏东华	152		-417		
128		通惠期货	146		114		
129		华创期货	140		10		
130		天富期货	134		113		
131		红塔期货	128		-59		
132		混沌天成	119		48		
133		云晨期货	118		88		
134		河北恒银	89		-271		
135		文峰期货	83		53		
136		晟鑫期货	72		-92		
137		九州期货	67		-17		
138		首创京都	59		-156		
139		天鸿期货	58		39		
140		新疆天利	43		21		
141		华金期货	20		15		
142		大通期货	12		-2		
143		和融期货	7		-3		
144		山金期货	5		-35		
145		黑龙江时代	1		1		
总计				541,688		138,419		

名次		会员简称	持买单量	增减		
1		华信万达	38,477		1,430		
2		永安期货	27,117		314		
3		东航期货	18,791		-2,958		
4		渤海期货	15,713		109		
5		瑞达期货	15,597		211		
6		格林大华	14,918		-1,213		
7		方正中期	14,252		-2,682		
8		东吴期货	13,563		85		
9		华鑫期货	13,127		-1,037		
10		海通期货	12,726		2,354		
11		申银万国	12,533		-1,364		
12		中信期货	12,443		60		
13		国投安信	11,912		-75		
14		光大期货	11,811		-22		
15		华泰期货	11,556		-2,783		
16		国泰君安	11,176		-382		
17		大越期货	11,090		1,264		
18		南华期货	10,685		-872		
19		鲁证期货	9,287		-803		
20		浙商期货	9,129		-110		
21		中粮期货	8,476		-12		
22		宏源期货	8,040		421		
23		兴证期货	7,954		-98		
24		银河期货	7,953		807		
25		国海良时	7,013		-287		
26		新湖期货	6,776		-472		
27		中钢期货	6,510		-320		
28		西部期货	6,110		-149		
29		金瑞期货	5,807		-85		
30		中国国际	5,248		-578		
31		广发期货	5,037		-1,046		
32		国富期货	5,007		453		
33		徽商期货	4,944		-362		
34		国信期货	4,852		376		
35		宝城期货	4,384		50		
36		广州金控	4,005		-550		
37		长江期货	3,913		-316		
38		东证期货	3,829		138		
39		中信建投	3,723		436		
40		上海中期	3,710		-206		
41		国联期货	3,703		-130		
42		美尔雅期货	3,225		-128		
43		华安期货	3,209		-707		
44		中金期货	3,131		-1,736		
45		弘业期货	3,078		-376		
46		五矿经易	2,976		997		
47		中融汇信	2,902		-495		
48		中辉期货	2,683		171		
49		招商期货	2,637		270		
50		迈科期货	2,567		126		
51		中大期货	2,539		-649		
52		倍特期货	2,504		236		
53		海航期货	2,480		-124		
54		大地期货	2,479		-470		
55		国都期货	2,406		244		
56		同信久恒	2,360		21		
57		冠通期货	2,354		110		
58		中投期货	2,207		-506		
59		中衍期货	2,181		47		
60		建信期货	2,166		-176		
61		浙江新世纪	2,061		444		
62		北京首创	2,047		237		
63		国金期货	2,012		-305		
64		信达期货	1,986		412		
65		先融期货	1,965		95		
66		上海东亚	1,942		163		
67		东海期货	1,935		15		
68		一德期货	1,877		323		
69		上海大陆	1,807		180		
70		福能期货	1,780		-226		
71		兴业期货	1,620		334		
72		中银国际	1,523		461		
73		国贸期货	1,414		-191		
74		广州期货	1,377		-424		
75		混沌天成	1,283		-55		
76		中原期货	1,264		-90		
77		平安期货	1,166		61		
78		英大期货	1,163		120		
79		金元期货	1,136		87		
80		中航期货	1,129		-26		
81		大有期货	1,108		-128		
82		江西瑞奇	1,085		44		
83		东方期货	1,022		973		
84		华西期货	1,001		-489		
85		华联期货	968		-43		
86		上海中财	958		-59		
87		民生期货	870		77		
88		德盛期货	857		-138		
89		汇鑫期货	848		109		
90		新纪元期货	830		19		
91		安粮期货	804		-2		
92		东方汇金	801		27		
93		东兴期货	765		-237		
94		河北恒银	745		-26		
95		深圳瑞龙	738		-22		
96		创元期货	731		-457		
97		锦泰期货	671		-5		
98		招金期货	635		36		
99		天风期货	623		-8		
100		恒泰期货	572		-4		
101		红塔期货	559		-4		
102		西南期货	540		-19		
103		海证期货	513		112		
104		第一创业	501		-77		
105		集成期货	495		-93		
106		中天期货	456		-1,087		
107		金信期货	403		-19		
108		国元期货	394		18		
109		神华期货	385		-39		
110		北京金鹏	371		-271		
111		首创京都	360		2		
112		中州期货	338		-1		
113		盛达期货	307		0		
114		南证期货	284		-39		
115		金石期货	272		22		
116		云晨期货	270		-4		
117		江苏东华	269		3		
118		鑫鼎盛期货	224		218		
119		财达期货	205		-87		
120		九州期货	190		-12		
121		华龙期货	188		29		
122		铜冠金源	178		10		
123		新晟期货	170		-65		
124		新疆天利	165		29		
125		华闻期货	152		-43		
126		摩根大通	145		0		
127		华融期货	137		-63		
128		道通期货	119		16		
129		深圳金汇	108		-18		
130		通惠期货	95		-102		
131		和合期货	90		-21		
132		华创期货	85		-17		
133		长安期货	84		-97		
134		文峰期货	83		1		
135		晟鑫期货	73		4		
136		上海浙石	55		41		
137		山西三立	50		-25		
138		大通期货	45		0		
139		天富期货	41		-7		
140		津投期货	41		-130		
141		大连良运	37		-139		
142		山金期货	32		-1		
143		黑龙江时代	27		-1		
144		江信国盛	17		4		
145		天鸿期货	14		-18		
146		华金期货	7		0		
147		和融期货	6		-4		
总计				521,680		-14,261		

名次		会员简称	持卖单量	增减		
1		永安期货	59,500		-2,151		
2		中粮期货	40,837		-2,549		
3		光大期货	37,478		-202		
4		国投安信	29,114		-1,983		
5		建信期货	28,722		-254		
6		华泰期货	26,036		-51		
7		浙商期货	24,677		74		
8		申银万国	24,466		-476		
9		东证期货	20,823		-105		
10		渤海期货	16,714		491		
11		中信期货	13,642		1,709		
12		弘业期货	12,933		-2,460		
13		北京首创	12,529		222		
14		南华期货	10,512		-136		
15		中国国际	10,170		-43		
16		中大期货	10,049		-560		
17		国泰君安	9,788		1,208		
18		金瑞期货	9,167		509		
19		广发期货	8,742		-468		
20		新湖期货	8,740		-6,294		
21		华信万达	7,685		575		
22		海通期货	7,155		3,692		
23		东航期货	5,689		-15		
24		方正中期	4,719		1,453		
25		银河期货	4,132		-109		
26		国富期货	4,076		1,640		
27		鲁证期货	3,972		-213		
28		山金期货	3,246		0		
29		创元期货	3,123		-1,489		
30		格林大华	3,011		0		
31		五矿经易	2,893		-722		
32		广州金控	2,802		-164		
33		华联期货	2,688		21		
34		兴证期货	2,631		-1,945		
35		冠通期货	2,375		354		
36		深圳瑞龙	2,274		1,771		
37		海航期货	2,123		-95		
38		瑞达期货	1,922		-9		
39		东吴期货	1,865		93		
40		国信期货	1,676		-340		
41		安粮期货	1,657		58		
42		徽商期货	1,592		-170		
43		宏源期货	1,428		-176		
44		长江期货	1,345		-114		
45		国都期货	1,332		-358		
46		东海期货	1,282		143		
47		国金期货	1,166		-54		
48		神华期货	1,084		2		
49		金元期货	1,046		-75		
50		迈科期货	1,035		-11		
51		中钢期货	1,018		10		
52		宝城期货	971		-818		
53		一德期货	970		-126		
54		新纪元期货	864		49		
55		上海中期	833		-151		
56		大地期货	741		-15		
57		中信建投	739		-19		
58		国联期货	737		-56		
59		华鑫期货	726		-143		
60		招商期货	709		-209		
61		大通期货	627		-2		
62		民生期货	599		72		
63		天风期货	579		299		
64		中投期货	577		10		
65		中天期货	571		36		
66		国海良时	570		5		
67		大有期货	547		-299		
68		中辉期货	540		-10		
69		和合期货	528		-499		
70		福能期货	492		0		
71		西部期货	489		30		
72		华安期货	472		-1,040		
73		东方汇金	452		6		
74		先融期货	425		-103		
75		华闻期货	397		-121		
76		国贸期货	373		44		
77		美尔雅期货	364		-84		
78		信达期货	359		85		
79		兴业期货	331		50		
80		华西期货	316		-5		
81		英大期货	316		-235		
82		恒泰期货	311		-8		
83		江西瑞奇	294		117		
84		广州期货	287		-9		
85		上海东亚	283		-1		
86		中融汇信	270		101		
87		上海大陆	235		-6		
88		同信久恒	234		1		
89		东兴期货	226		-491		
90		铜冠金源	212		-21		
91		上海中财	184		-11		
92		倍特期货	178		-164		
93		浙江新世纪	175		34		
94		第一创业	173		-11		
95		中衍期货	169		-1		
96		招金期货	164		-79		
97		混沌天成	144		10		
98		南证期货	140		41		
99		集成期货	123		-10		
100		西南期货	115		-21		
101		华创期货	114		27		
102		东方期货	109		0		
103		九州期货	106		-7		
104		德盛期货	103		1		
105		新晟期货	101		5		
106		国元期货	100		-46		
107		北京金鹏	99		-177		
108		中原期货	97		26		
109		中航期货	95		-1		
110		江信国盛	80		-1		
111		汇鑫期货	79		-3		
112		天富期货	76		65		
113		平安期货	74		-11		
114		中州期货	68		35		
115		上海浙石	66		61		
116		海证期货	57		0		
117		大越期货	46		0		
118		长安期货	42		-10		
119		华融期货	42		-9		
120		锦泰期货	37		-1		
121		文峰期货	35		-50		
122		财达期货	28		-15		
123		深圳金汇	28		-72		
124		江苏东华	26		-9		
125		红塔期货	24		2		
126		金信期货	20		10		
127		中银国际	20		-413		
128		津投期货	19		-7		
129		晟鑫期货	17		-2		
130		大连良运	16		-6		
131		中金期货	10		0		
132		金石期货	8		-5		
133		山西三立	8		-56		
134		首创京都	6		-5		
135		道通期货	4		-23		
136		云晨期货	2		-2		
137		鑫鼎盛期货	2		1		
138		和融期货	2		1		
139		华金期货	1		0		
140		河北恒银	1		-5		
141		华龙期货	0		-11		
142		新疆天利	0		-4		
总计				521,680		-14,261		



会员类别	总成交量	增减		
期货公司会员	541,688		138,419		
非期货公司会员	0		0		

会员类别	总持买单量	增减		
期货公司会员	521,680		-14,261		
非期货公司会员	0		0		

会员类别	总持卖单量	增减		
期货公司会员	521,680		-14,261		
非期货公司会员	0		0		

