								大连商品交易所 成交量_买持仓_卖持仓排名	

品种代码：cs		Date：20170316	

			期货公司会员	

名次		会员简称	成交量		增减		
1		海通期货	64,734		18,110		
2		中信期货	27,274		10,300		
3		光大期货	26,258		10,070		
4		永安期货	26,020		5,707		
5		银河期货	24,914		11,678		
6		国投安信	24,115		12,770		
7		华信万达	20,352		9,092		
8		广州金控	18,753		13,623		
9		招商期货	18,349		12,724		
10		东证期货	18,233		8,285		
11		长江期货	17,346		3,709		
12		徽商期货	16,215		8,354		
13		国泰君安	16,063		6,998		
14		华泰期货	15,487		4,693		
15		鲁证期货	15,058		3,409		
16		金瑞期货	15,025		7,269		
17		国信期货	13,922		6,564		
18		东航期货	13,421		5,560		
19		广发期货	13,353		6,285		
20		兴证期货	12,938		5,042		
21		西部期货	12,864		4,283		
22		方正中期	11,955		2,773		
23		浙商期货	11,824		7,783		
24		南华期货	11,289		6,038		
25		弘业期货	9,600		3,918		
26		中粮期货	9,146		6,012		
27		宏源期货	8,879		4,267		
28		东方汇金	8,087		5,276		
29		北京首创	7,469		3,406		
30		中大期货	7,354		4,421		
31		中信建投	6,878		2,318		
32		华安期货	6,839		3,498		
33		金元期货	6,820		1,693		
34		国海良时	6,754		4,420		
35		新湖期货	6,750		3,297		
36		格林大华	6,706		5,535		
37		新纪元期货	6,565		4,716		
38		国联期货	6,266		2,906		
39		上海中期	6,180		2,976		
40		中辉期货	6,001		3,234		
41		中融汇信	5,963		3,219		
42		安粮期货	5,701		3,296		
43		申银万国	5,666		977		
44		创元期货	5,623		3,582		
45		东海期货	5,177		3,413		
46		英大期货	5,063		3,332		
47		中国国际	5,015		1,664		
48		北京金鹏	4,640		3,132		
49		渤海期货	4,536		2,267		
50		上海大陆	4,405		1,852		
51		迈科期货	4,396		2,239		
52		信达期货	4,247		2,284		
53		国富期货	4,039		1,858		
54		宝城期货	3,835		2,130		
55		倍特期货	3,808		2,977		
56		华西期货	3,695		1,250		
57		冠通期货	3,667		2,543		
58		国金期货	3,444		1		
59		中投期货	3,372		2,166		
60		瑞达期货	3,255		1,477		
61		中衍期货	3,190		963		
62		铜冠金源	2,740		1,710		
63		国贸期货	2,730		1,670		
64		江西瑞奇	2,667		1,345		
65		美尔雅期货	2,632		1,084		
66		一德期货	2,620		1,580		
67		大有期货	2,433		741		
68		天风期货	2,401		1,239		
69		中原期货	2,394		255		
70		国都期货	2,301		-371		
71		海航期货	2,196		1,242		
72		大通期货	2,115		575		
73		东兴期货	1,887		439		
74		中天期货	1,830		1,290		
75		汇鑫期货	1,830		221		
76		国元期货	1,820		1,225		
77		大地期货	1,800		1,041		
78		东吴期货	1,685		648		
79		中航期货	1,670		654		
80		上海东亚	1,614		648		
81		上海中财	1,609		189		
82		新晟期货	1,604		1,535		
83		深圳瑞龙	1,569		672		
84		广州期货	1,500		72		
85		五矿经易	1,441		86		
86		德盛期货	1,427		746		
87		浙江新世纪	1,426		940		
88		建信期货	1,406		114		
89		恒泰期货	1,374		630		
90		福能期货	1,361		646		
91		先融期货	1,294		242		
92		华鑫期货	1,234		580		
93		锦泰期货	1,170		487		
94		九州期货	1,169		836		
95		东方期货	1,151		-1,016		
96		大越期货	1,066		-1,051		
97		中银国际	1,064		-352		
98		中钢期货	989		191		
99		民生期货	983		646		
100		华联期货	974		484		
101		兴业期货	973		429		
102		津投期货	935		350		
103		平安期货	907		-150		
104		大连良运	907		748		
105		长安期货	873		620		
106		神华期货	838		196		
107		招金期货	824		81		
108		华创期货	822		83		
109		金石期货	789		31		
110		集成期货	743		118		
111		同信久恒	668		-305		
112		深圳金汇	547		412		
113		混沌天成	536		456		
114		华龙期货	488		-207		
115		华融期货	476		279		
116		华闻期货	463		-319		
117		财达期货	409		166		
118		红塔期货	403		234		
119		中州期货	403		219		
120		南证期货	358		187		
121		盛达期货	348		323		
122		西南期货	322		202		
123		第一创业	316		-2		
124		海证期货	283		110		
125		江苏东华	283		18		
126		和合期货	235		103		
127		河北恒银	226		137		
128		上海浙石	217		-196		
129		新疆天利	213		167		
130		云晨期货	186		88		
131		首创京都	184		38		
132		金信期货	151		-208		
133		江信国盛	144		119		
134		鑫鼎盛期货	119		2		
135		天富期货	115		94		
136		文峰期货	104		-40		
137		道通期货	99		63		
138		山西三立	86		-66		
139		山金期货	70		15		
140		黑龙江时代	34		34		
141		晟鑫期货	34		-16		
142		通惠期货	22		7		
143		华金期货	22		-1		
144		和融期货	12		0		
145		天鸿期货	10		-14		
146		中金期货	6		-16		
总计				759,172		328,136		

名次		会员简称	持买单量	增减		
1		国泰君安	36,180		-1,611		
2		永安期货	22,743		913		
3		华信万达	21,748		407		
4		中信期货	19,642		-1,766		
5		华泰期货	18,386		-2,269		
6		海通期货	16,669		4,641		
7		南华期货	15,362		2,288		
8		申银万国	15,144		5		
9		格林大华	14,594		98		
10		东航期货	13,693		66		
11		金瑞期货	11,981		731		
12		国投安信	11,494		2,512		
13		光大期货	11,365		690		
14		鲁证期货	10,378		2,530		
15		兴证期货	9,356		-2,719		
16		银河期货	9,300		-1,800		
17		大越期货	8,588		74		
18		徽商期货	8,298		-40		
19		方正中期	8,243		474		
20		浙商期货	7,471		1,194		
21		上海东亚	7,254		795		
22		中粮期货	7,208		480		
23		宏源期货	7,156		90		
24		国信期货	6,762		-1,055		
25		中国国际	6,546		-1		
26		新湖期货	6,528		-394		
27		西部期货	6,482		-268		
28		中钢期货	6,359		-58		
29		中金期货	6,312		-6		
30		国富期货	5,808		21		
31		广发期货	5,695		20		
32		上海中期	5,674		758		
33		锦泰期货	5,554		-361		
34		东证期货	5,531		-369		
35		大地期货	5,017		-82		
36		长江期货	4,866		762		
37		国海良时	4,559		-236		
38		倍特期货	4,441		-380		
39		广州金控	4,335		-55		
40		国联期货	4,198		549		
41		华安期货	3,574		740		
42		中信建投	3,552		77		
43		中大期货	3,513		261		
44		北京首创	3,435		280		
45		五矿经易	3,393		-126		
46		先融期货	3,367		-125		
47		创元期货	3,012		270		
48		江西瑞奇	2,976		36		
49		弘业期货	2,964		-250		
50		新纪元期货	2,953		742		
51		美尔雅期货	2,838		80		
52		中辉期货	2,740		-242		
53		中融汇信	2,733		1,629		
54		宝城期货	2,733		-724		
55		英大期货	2,490		-481		
56		建信期货	2,393		-132		
57		中天期货	2,387		300		
58		浙江新世纪	2,276		181		
59		同信久恒	2,255		-33		
60		中衍期货	2,209		-178		
61		招商期货	2,080		-813		
62		冠通期货	2,009		92		
63		中投期货	2,004		-46		
64		瑞达期货	1,996		232		
65		信达期货	1,915		-461		
66		渤海期货	1,908		-485		
67		一德期货	1,903		-380		
68		福能期货	1,801		166		
69		上海中财	1,798		55		
70		迈科期货	1,766		628		
71		国贸期货	1,646		-93		
72		东吴期货	1,597		-16		
73		国金期货	1,568		254		
74		广州期货	1,512		-53		
75		北京金鹏	1,482		-392		
76		东海期货	1,464		-55		
77		汇鑫期货	1,312		648		
78		平安期货	1,275		-32		
79		德盛期货	1,206		121		
80		东方汇金	1,202		6		
81		海航期货	1,190		975		
82		华联期货	1,177		106		
83		中银国际	1,162		-13		
84		大有期货	1,135		86		
85		东方期货	1,092		1,044		
86		中原期货	1,068		28		
87		安粮期货	1,067		23		
88		民生期货	1,018		291		
89		金元期货	1,008		-663		
90		华西期货	1,008		114		
91		新晟期货	891		-182		
92		大连良运	886		66		
93		中航期货	873		18		
94		国元期货	861		-178		
95		天风期货	836		-227		
96		东兴期货	790		-419		
97		深圳瑞龙	785		6		
98		盛达期货	757		302		
99		西南期货	750		2		
100		恒泰期货	651		59		
101		兴业期货	580		2		
102		海证期货	569		19		
103		国都期货	564		10		
104		首创京都	552		-5		
105		红塔期货	535		11		
106		招金期货	532		-72		
107		第一创业	519		33		
108		中州期货	494		-25		
109		南证期货	492		91		
110		集成期货	489		-6		
111		神华期货	453		-80		
112		上海大陆	449		35		
113		金信期货	443		-7		
114		云晨期货	414		16		
115		财达期货	391		30		
116		河北恒银	351		11		
117		江苏东华	343		5		
118		津投期货	316		186		
119		华龙期货	315		27		
120		山西三立	303		-8		
121		华闻期货	292		63		
122		金石期货	290		-46		
123		华鑫期货	262		81		
124		铜冠金源	255		-3		
125		长安期货	225		0		
126		华融期货	212		-40		
127		和合期货	200		34		
128		天富期货	152		66		
129		华创期货	149		-37		
130		摩根大通	145		0		
131		九州期货	143		-14		
132		道通期货	110		-15		
133		混沌天成	81		-136		
134		通惠期货	79		8		
135		文峰期货	75		-2		
136		深圳金汇	68		-6		
137		山金期货	67		1		
138		黑龙江时代	44		2		
139		大通期货	42		-9		
140		晟鑫期货	37		-8		
141		江信国盛	36		-29		
142		鑫鼎盛期货	30		1		
143		上海浙石	26		7		
144		天鸿期货	25		2		
145		新疆天利	22		-65		
146		华金期货	4		1		
147		和融期货	1		-4		
总计				529,338		9,872		

名次		会员简称	持卖单量	增减		
1		永安期货	63,035		1,383		
2		中粮期货	41,783		-580		
3		国投安信	38,978		-343		
4		光大期货	29,494		2,722		
5		建信期货	28,434		-4		
6		华泰期货	27,286		270		
7		申银万国	26,412		117		
8		东证期货	18,528		500		
9		中大期货	18,491		209		
10		弘业期货	17,947		-1,822		
11		金瑞期货	16,286		1,054		
12		中信期货	12,609		360		
13		新湖期货	11,930		930		
14		北京首创	11,754		-431		
15		中国国际	11,325		-894		
16		东方汇金	9,720		-5,863		
17		广发期货	9,719		-177		
18		海通期货	8,618		5,471		
19		浙商期货	8,510		1,890		
20		南华期货	8,297		295		
21		国泰君安	8,242		-272		
22		国都期货	6,956		-857		
23		东航期货	5,906		1,671		
24		鲁证期货	5,848		630		
25		华信万达	5,440		-935		
26		兴证期货	5,431		1,079		
27		创元期货	4,713		763		
28		海航期货	3,362		-1		
29		银河期货	3,025		378		
30		五矿经易	2,878		97		
31		广州金控	2,781		-200		
32		东海期货	2,760		2,224		
33		格林大华	2,624		226		
34		宝城期货	2,492		-15		
35		徽商期货	2,430		-107		
36		山金期货	2,281		13		
37		国联期货	2,137		651		
38		方正中期	2,031		177		
39		天风期货	1,918		1,750		
40		渤海期货	1,617		257		
41		先融期货	1,576		51		
42		大通期货	1,543		306		
43		上海中期	1,333		-180		
44		新纪元期货	1,262		991		
45		神华期货	1,207		-54		
46		宏源期货	1,173		-131		
47		招商期货	1,150		86		
48		信达期货	1,092		-54		
49		金元期货	1,086		165		
50		东兴期货	1,062		14		
51		国富期货	1,038		-12		
52		英大期货	941		-144		
53		中信建投	880		145		
54		深圳瑞龙	824		125		
55		国信期货	824		115		
56		西部期货	802		474		
57		上海中财	786		180		
58		冠通期货	766		79		
59		安粮期货	755		100		
60		长江期货	737		-98		
61		中融汇信	720		-80		
62		一德期货	664		-152		
63		中钢期货	604		-35		
64		华安期货	595		83		
65		中投期货	576		182		
66		华鑫期货	529		-71		
67		国海良时	507		-764		
68		大地期货	502		-70		
69		大连良运	484		211		
70		瑞达期货	477		-11		
71		大有期货	462		-225		
72		金石期货	455		303		
73		迈科期货	452		224		
74		福能期货	377		-21		
75		华闻期货	376		-88		
76		美尔雅期货	344		-218		
77		新晟期货	323		-574		
78		国元期货	305		-92		
79		中辉期货	300		-3		
80		上海东亚	282		-347		
81		恒泰期货	279		49		
82		民生期货	278		-8		
83		倍特期货	256		2		
84		混沌天成	249		-326		
85		广州期货	245		-37		
86		九州期货	242		19		
87		国贸期货	214		-33		
88		国金期货	197		68		
89		兴业期货	187		-5		
90		中衍期货	187		-2		
91		第一创业	185		-7		
92		中原期货	178		-106		
93		上海大陆	165		-990		
94		华西期货	159		-389		
95		中航期货	152		48		
96		长安期货	142		51		
97		中州期货	140		-4		
98		津投期货	126		-37		
99		东吴期货	120		33		
100		铜冠金源	115		-51		
101		招金期货	112		36		
102		东方期货	100		97		
103		浙江新世纪	95		-49		
104		北京金鹏	88		-400		
105		南证期货	84		21		
106		中天期货	71		-94		
107		华联期货	70		-18		
108		同信久恒	68		-15		
109		江西瑞奇	63		-17		
110		平安期货	63		-41		
111		德盛期货	62		-78		
112		海证期货	49		-52		
113		西南期货	43		0		
114		深圳金汇	43		-45		
115		大越期货	41		-32		
116		华创期货	27		-607		
117		华融期货	27		-22		
118		江信国盛	25		19		
119		云晨期货	24		16		
120		河北恒银	24		-1		
121		金信期货	21		-8		
122		首创京都	19		-5		
123		文峰期货	17		2		
124		锦泰期货	17		-67		
125		汇鑫期货	12		-30		
126		和合期货	10		-17		
127		山西三立	9		4		
128		红塔期货	8		-4		
129		财达期货	7		-9		
130		集成期货	5		-11		
131		江苏东华	4		0		
132		中银国际	4		1		
133		通惠期货	3		0		
134		华龙期货	3		-1		
135		上海浙石	2		2		
136		道通期货	1		0		
137		华金期货	1		-1		
138		天富期货	1		-1		
139		晟鑫期货	0		-2		
总计				529,338		9,872		



会员类别	总成交量	增减		
期货公司会员	759,172		328,136		
非期货公司会员	0		0		

会员类别	总持买单量	增减		
期货公司会员	529,338		9,872		
非期货公司会员	0		0		

会员类别	总持卖单量	增减		
期货公司会员	529,338		9,872		
非期货公司会员	0		0		

