								大连商品交易所 成交量_买持仓_卖持仓排名	

品种代码：cs		Date：20170713	

			期货公司会员	

名次		会员简称	成交量		增减		
1		华安期货	32,515		3,247		
2		海通期货	27,024		-5,334		
3		光大期货	24,660		2,509		
4		中信期货	23,176		7,443		
5		东证期货	22,227		5,980		
6		国投安信	22,095		8,190		
7		兴证期货	19,918		4,743		
8		华泰期货	17,466		11,764		
9		永安期货	16,281		10,819		
10		方正中期	13,820		9,063		
11		华信期货	13,361		6,041		
12		徽商期货	11,470		1,632		
13		东航期货	11,272		5,725		
14		一德期货	10,632		9,945		
15		国泰君安	9,795		5,682		
16		广州金控	9,461		-1,201		
17		汇鑫期货	8,853		7,384		
18		鲁证期货	8,290		3,995		
19		银河期货	8,100		5,456		
20		金瑞期货	8,085		4,360		
21		国信期货	7,895		3,938		
22		南华期货	7,111		1,076		
23		北京首创	6,417		4,313		
24		西部期货	6,325		3,414		
25		中银国际	6,176		5,029		
26		广发期货	5,942		2,087		
27		宏源期货	5,738		2,923		
28		弘业期货	4,759		2,298		
29		新湖期货	4,706		1,759		
30		渤海期货	4,225		2,696		
31		上海中期	3,741		1,239		
32		大地期货	3,511		1,724		
33		江信国盛	3,504		2,909		
34		天风期货	3,460		2,428		
35		申银万国	3,392		-1,081		
36		格林大华	3,287		730		
37		中信建投	3,276		-305		
38		宝城期货	2,916		1,461		
39		英大期货	2,701		1,597		
40		建信期货	2,698		1,904		
41		长安期货	2,596		224		
42		安粮期货	2,538		-2,350		
43		中国国际	2,485		682		
44		美尔雅期货	2,473		-356		
45		冠通期货	2,421		-54		
46		中辉期货	2,390		336		
47		五矿经易	2,299		859		
48		国金期货	2,257		741		
49		创元期货	2,195		1,666		
50		浙商期货	2,116		-900		
51		东海期货	2,018		1,341		
52		浙江新世纪	1,998		-121		
53		中粮期货	1,993		1,150		
54		国联期货	1,922		832		
55		国富期货	1,817		280		
56		中财期货	1,794		1,188		
57		金元期货	1,777		567		
58		深圳金汇	1,738		730		
59		招商期货	1,682		571		
60		国海良时	1,657		-1,446		
61		东方汇金	1,571		-42		
62		恒泰期货	1,530		298		
63		上海大陆	1,524		672		
64		信达期货	1,385		744		
65		福能期货	1,354		-12		
66		长江期货	1,289		-1,063		
67		中衍期货	1,231		-880		
68		江西瑞奇	1,219		227		
69		华西期货	1,147		470		
70		倍特期货	1,115		-202		
71		深圳瑞龙	1,073		346		
72		国贸期货	1,068		458		
73		混沌天成	1,049		512		
74		迈科期货	1,012		438		
75		中投期货	1,003		232		
76		华闻期货	983		595		
77		瑞达期货	982		-1,593		
78		海航期货	972		-335		
79		大连良运	915		671		
80		铜冠金源	902		-2,155		
81		广州期货	886		-841		
82		中大期货	858		-849		
83		新纪元期货	833		-378		
84		和合期货	759		513		
85		中融汇信	758		203		
86		东兴期货	725		300		
87		东吴期货	705		186		
88		中天期货	682		-161		
89		集成期货	668		509		
90		海证期货	649		-382		
91		同信久恒	639		-394		
92		兴业期货	572		379		
93		德盛期货	543		244		
94		中原期货	533		13		
95		津投期货	532		118		
96		平安期货	517		204		
97		国元期货	496		117		
98		先融期货	468		18		
99		盛达期货	458		448		
100		中航期货	457		-59		
101		华鑫期货	456		59		
102		民生期货	455		43		
103		中钢期货	453		257		
104		南证期货	421		-22		
105		中州期货	354		-69		
106		招金期货	349		108		
107		中金期货	347		-4		
108		大有期货	339		-868		
109		国都期货	338		-1,689		
110		江苏东华	323		-252		
111		东方期货	269		88		
112		华融期货	246		136		
113		神华期货	239		-186		
114		华联期货	238		113		
115		天富期货	211		61		
116		上海东亚	206		-995		
117		华龙期货	189		15		
118		红塔期货	162		106		
119		文峰期货	155		-27		
120		金石期货	149		19		
121		九州期货	148		31		
122		大越期货	147		-244		
123		锦泰期货	125		-81		
124		华创期货	118		56		
125		首创京都	107		-206		
126		西南期货	106		-115		
127		北京金鹏	101		-179		
128		摩根大通	99		99		
129		第一创业	96		-39		
130		河北恒银	90		1		
131		山西三立	90		10		
132		金信期货	86		-48		
133		财达期货	74		-18		
134		通惠期货	70		10		
135		晟鑫期货	58		-22		
136		鑫鼎盛期货	56		48		
137		道通期货	43		-25		
138		云晨期货	37		-56		
139		新晟期货	34		-12		
140		和融期货	31		-302		
141		新疆天利	20		-46		
142		大通期货	17		15		
143		山金期货	16		-26		
144		华金期货	5		-115		
总计				496,182		150,720		

名次		会员简称	持买单量	增减		
1		中国国际	31,598		48		
2		国投安信	18,594		3,944		
3		海通期货	18,585		-558		
4		永安期货	16,819		-1,152		
5		南华期货	15,877		852		
6		华泰期货	15,607		-358		
7		中信期货	12,601		-2,870		
8		中粮期货	12,580		82		
9		兴证期货	11,134		-1,255		
10		广发期货	10,668		-45		
11		华信期货	9,970		-164		
12		光大期货	9,758		-3,946		
13		渤海期货	8,852		-631		
14		方正中期	8,671		-456		
15		东航期货	8,272		-148		
16		银河期货	8,246		961		
17		长江期货	7,539		-22		
18		国泰君安	7,497		878		
19		一德期货	7,379		3,522		
20		中融汇信	5,858		485		
21		金瑞期货	5,539		858		
22		申银万国	5,424		-170		
23		徽商期货	5,243		-50		
24		招商期货	5,211		-685		
25		东证期货	5,102		-824		
26		浙商期货	4,958		74		
27		新湖期货	4,064		-424		
28		国信期货	3,786		-287		
29		鲁证期货	3,775		-65		
30		迈科期货	3,662		-391		
31		东兴期货	3,650		-124		
32		上海大陆	3,295		-65		
33		弘业期货	3,182		391		
34		北京首创	3,052		194		
35		中银国际	2,957		2,217		
36		格林大华	2,750		-1,007		
37		海航期货	2,714		-7		
38		宝城期货	2,602		-77		
39		中衍期货	2,553		-118		
40		瑞达期货	2,539		-296		
41		建信期货	2,443		-637		
42		信达期货	2,425		9		
43		中信建投	2,257		-317		
44		五矿经易	2,245		-489		
45		宏源期货	2,219		-1,685		
46		安粮期货	1,927		535		
47		中辉期货	1,914		-150		
48		国海良时	1,870		-212		
49		国富期货	1,825		-317		
50		国贸期货	1,753		22		
51		福能期货	1,676		223		
52		广州期货	1,630		190		
53		冠通期货	1,627		-640		
54		华安期货	1,620		377		
55		中钢期货	1,556		-146		
56		国联期货	1,520		-528		
57		大越期货	1,513		-1		
58		上海中期	1,490		-177		
59		英大期货	1,484		303		
60		混沌天成	1,474		292		
61		浙江新世纪	1,369		-152		
62		大有期货	1,334		-138		
63		新纪元期货	1,163		16		
64		江西瑞奇	1,098		-467		
65		中天期货	1,064		462		
66		倍特期货	1,053		-104		
67		中航期货	974		-67		
68		美尔雅期货	944		-163		
69		广州金控	847		-175		
70		中投期货	844		-105		
71		东吴期货	842		-432		
72		国金期货	801		-123		
73		深圳瑞龙	785		-11		
74		西部期货	762		-1,280		
75		兴业期货	719		-78		
76		招金期货	692		23		
77		华西期货	691		52		
78		华联期货	678		45		
79		东海期货	672		-114		
80		西南期货	592		0		
81		华闻期货	553		347		
82		恒泰期货	552		119		
83		同信久恒	550		59		
84		德盛期货	542		-84		
85		大地期货	531		-231		
86		海证期货	530		-12		
87		中金期货	515		16		
88		深圳金汇	508		174		
89		首创京都	496		43		
90		中大期货	479		-412		
91		中财期货	471		-355		
92		山西三立	451		-18		
93		国元期货	422		22		
94		津投期货	421		165		
95		大连良运	419		-462		
96		平安期货	417		-88		
97		民生期货	416		-39		
98		华融期货	408		-15		
99		东方汇金	405		-376		
100		中原期货	405		68		
101		上海东亚	400		-180		
102		汇鑫期货	371		14		
103		金元期货	360		-592		
104		锦泰期货	356		10		
105		国都期货	354		-2		
106		天风期货	353		-1,390		
107		河北恒银	331		-10		
108		江信国盛	328		46		
109		云晨期货	325		-5		
110		神华期货	308		12		
111		北京金鹏	306		-6		
112		长安期货	291		209		
113		创元期货	284		-60		
114		南证期货	273		-128		
115		第一创业	253		-4		
116		集成期货	232		26		
117		华鑫期货	231		21		
118		道通期货	216		-20		
119		财达期货	210		9		
120		中州期货	195		-54		
121		金信期货	170		57		
122		盛达期货	164		2		
123		摩根大通	150		99		
124		九州期货	147		-42		
125		文峰期货	144		-35		
126		铜冠金源	139		-142		
127		红塔期货	137		-24		
128		金石期货	133		11		
129		晟鑫期货	119		-7		
130		新晟期货	93		4		
131		和合期货	88		-21		
132		上海浙石	82		0		
133		江苏东华	78		-76		
134		先融期货	60		-7		
135		华龙期货	57		-41		
136		鑫鼎盛期货	41		0		
137		天富期货	36		-93		
138		大通期货	21		0		
139		东方期货	16		-9		
140		天鸿期货	12		0		
141		华金期货	11		1		
142		新疆天利	9		-10		
143		华创期货	6		-36		
144		和融期货	4		0		
145		黑龙江时代	4		0		
146		通惠期货	3		0		
147		山金期货	1		-16		
总计				393,948		-11,416		

名次		会员简称	持卖单量	增减		
1		国投安信	47,732		408		
2		光大期货	36,976		-796		
3		永安期货	34,076		-11,129		
4		华泰期货	23,904		3,180		
5		中大期货	17,479		24		
6		南华期货	16,707		601		
7		中粮期货	13,794		-5		
8		北京首创	13,482		-3,703		
9		浙商期货	12,074		1,012		
10		华信期货	11,857		-5,655		
11		申银万国	11,005		-386		
12		兴证期货	10,289		2,449		
13		东证期货	10,113		-5,927		
14		国泰君安	6,501		933		
15		汇鑫期货	6,380		-1,597		
16		银河期货	6,183		2,383		
17		中信期货	6,062		928		
18		金瑞期货	5,892		-87		
19		中金期货	5,626		323		
20		一德期货	4,817		3,588		
21		渤海期货	4,504		-845		
22		中融汇信	4,417		-3		
23		海通期货	4,224		1,284		
24		新湖期货	4,034		68		
25		大地期货	3,904		-84		
26		长江期货	3,536		-47		
27		鲁证期货	3,310		-137		
28		迈科期货	3,088		141		
29		中国国际	2,976		469		
30		方正中期	2,903		-3,436		
31		中银国际	2,719		2,271		
32		弘业期货	2,629		1,074		
33		广州金控	2,503		-728		
34		上海大陆	2,437		5		
35		宏源期货	2,336		961		
36		东兴期货	2,190		39		
37		海航期货	2,127		-187		
38		五矿经易	1,969		-108		
39		广发期货	1,941		-1,091		
40		格林大华	1,604		-910		
41		金元期货	1,524		469		
42		国贸期货	1,505		108		
43		中钢期货	1,471		-57		
44		东航期货	1,349		932		
45		西部期货	1,287		847		
46		国富期货	1,263		378		
47		招商期货	1,215		243		
48		国信期货	1,198		280		
49		宝城期货	1,138		1,033		
50		英大期货	1,101		70		
51		新纪元期货	960		207		
52		恒泰期货	913		-23		
53		华安期货	893		428		
54		中信建投	824		-77		
55		大连良运	807		-407		
56		南证期货	803		-11		
57		国都期货	751		-126		
58		华鑫期货	740		173		
59		徽商期货	706		104		
60		倍特期货	695		-159		
61		广州期货	676		-38		
62		建信期货	672		507		
63		和合期货	601		522		
64		美尔雅期货	583		66		
65		兴业期货	572		172		
66		国金期货	558		-392		
67		大有期货	557		33		
68		浙江新世纪	405		-250		
69		山西三立	376		4		
70		集成期货	359		4		
71		红塔期货	335		-24		
72		神华期货	331		-5		
73		海证期货	301		269		
74		中财期货	292		161		
75		国海良时	285		53		
76		信达期货	282		40		
77		国联期货	280		58		
78		招金期货	270		50		
79		中投期货	256		-12		
80		铜冠金源	234		78		
81		东吴期货	232		89		
82		安粮期货	230		127		
83		混沌天成	210		99		
84		瑞达期货	209		-56		
85		中辉期货	207		24		
86		福能期货	189		-39		
87		上海中期	187		76		
88		平安期货	173		103		
89		中衍期货	169		15		
90		中航期货	168		128		
91		国元期货	144		46		
92		深圳瑞龙	140		-128		
93		东海期货	140		60		
94		江苏东华	136		23		
95		冠通期货	122		-1,091		
96		大越期货	121		4		
97		东方汇金	116		-1		
98		创元期货	103		23		
99		锦泰期货	100		33		
100		新晟期货	96		0		
101		德盛期货	89		27		
102		华西期货	83		69		
103		云晨期货	83		4		
104		长安期货	82		5		
105		江西瑞奇	78		52		
106		中原期货	77		35		
107		九州期货	73		-28		
108		民生期货	66		56		
109		华联期货	64		23		
110		深圳金汇	58		0		
111		金石期货	53		52		
112		中天期货	46		0		
113		先融期货	28		5		
114		山金期货	28		0		
115		天风期货	22		-1,000		
116		上海东亚	21		14		
117		同信久恒	18		18		
118		中州期货	16		6		
119		津投期货	16		-19		
120		道通期货	13		13		
121		华创期货	11		4		
122		盛达期货	10		8		
123		西南期货	8		2		
124		东方期货	8		8		
125		华闻期货	8		6		
126		金信期货	7		3		
127		财达期货	5		1		
128		华融期货	3		-1		
129		晟鑫期货	3		1		
130		华龙期货	2		0		
131		河北恒银	2		0		
132		和融期货	2		-1		
133		第一创业	1		0		
134		上海浙石	1		0		
135		北京金鹏	1		-5		
136		大通期货	1		1		
137		天富期货	1		-2		
138		文峰期货	0		-6		
139		新疆天利	0		-10		
140		江信国盛	0		-1,280		
总计				393,948		-11,416		



会员类别	总成交量	增减		
期货公司会员	496,182		150,720		
非期货公司会员	0		0		

会员类别	总持买单量	增减		
期货公司会员	393,948		-11,416		
非期货公司会员	0		0		

会员类别	总持卖单量	增减		
期货公司会员	393,948		-11,416		
非期货公司会员	0		0		

