								大连商品交易所 成交量_买持仓_卖持仓排名	

品种代码：cs		Date：20170516	

			期货公司会员	

名次		会员简称	成交量		增减		
1		海通期货	27,061		-43,766		
2		光大期货	21,736		-39,851		
3		永安期货	14,153		-18,826		
4		中信期货	12,293		-11,893		
5		长江期货	10,981		-169		
6		国投安信	10,329		-20,597		
7		汇鑫期货	9,250		-6,021		
8		国泰君安	9,152		-15,098		
9		浙商期货	8,602		-397		
10		华信万达	7,976		-6,087		
11		广州金控	7,817		1,958		
12		东证期货	7,347		-12,047		
13		方正中期	7,143		-10,239		
14		徽商期货	6,683		-15,050		
15		迈科期货	6,545		-2,558		
16		中粮期货	6,511		-3,179		
17		鲁证期货	6,502		-15,258		
18		兴证期货	6,330		-8,326		
19		中银国际	6,281		308		
20		华泰期货	6,073		-26,211		
21		国都期货	5,973		-843		
22		申银万国	5,742		-10,264		
23		银河期货	5,367		-4,366		
24		华鑫期货	5,110		-16,190		
25		广发期货	4,848		-5,916		
26		中信建投	4,571		-3,862		
27		西部期货	4,492		-4,960		
28		国信期货	4,414		-10,610		
29		东航期货	4,365		-10,015		
30		中辉期货	3,796		-1,415		
31		渤海期货	3,309		-2,047		
32		弘业期货	3,277		-2,930		
33		国富期货	3,196		-2,087		
34		南华期货	3,154		-6,991		
35		招商期货	3,130		-4,282		
36		和合期货	2,765		-3,130		
37		新湖期货	2,543		-4,441		
38		美尔雅期货	2,488		-3,030		
39		中国国际	2,433		-3,742		
40		瑞达期货	2,379		-2,003		
41		华安期货	2,359		-29,198		
42		格林大华	2,105		-7,661		
43		上海中期	2,043		-3,083		
44		宏源期货	1,856		-5,956		
45		安粮期货	1,783		-1,885		
46		英大期货	1,685		23		
47		宝城期货	1,656		-2,839		
48		大通期货	1,610		-808		
49		五矿经易	1,564		-2,412		
50		北京首创	1,550		-5,467		
51		国联期货	1,469		-4,459		
52		信达期货	1,451		-769		
53		东海期货	1,439		-1,071		
54		冠通期货	1,438		-479		
55		创元期货	1,401		-6,120		
56		国海良时	1,385		-3,501		
57		华西期货	1,343		-964		
58		金瑞期货	1,320		-2,954		
59		金元期货	1,290		-4,259		
60		天风期货	1,180		-46		
61		国金期货	1,095		-2,120		
62		同信久恒	1,067		-945		
63		中大期货	1,038		-2,713		
64		中衍期货	961		-2,809		
65		先融期货	928		-1,050		
66		长安期货	915		626		
67		国元期货	893		-941		
68		广州期货	868		-1,542		
69		建信期货	818		-1,724		
70		福能期货	809		-1,755		
71		大有期货	703		-1,062		
72		江苏东华	673		110		
73		东方汇金	667		-1,418		
74		上海大陆	664		-1,742		
75		中投期货	662		-1,930		
76		大地期货	658		-4,804		
77		东兴期货	592		-639		
78		东吴期货	576		-1,233		
79		国贸期货	576		-3,466		
80		中原期货	544		-892		
81		一德期货	532		-1,758		
82		恒泰期货	523		-2,879		
83		深圳瑞龙	521		-382		
84		平安期货	489		-512		
85		兴业期货	483		-1,415		
86		中财期货	458		-1,122		
87		新纪元期货	431		-1,638		
88		中航期货	428		-4,398		
89		倍特期货	412		-488		
90		锦泰期货	394		-714		
91		铜冠金源	390		-1,293		
92		民生期货	336		-407		
93		德盛期货	316		-885		
94		华联期货	301		-137		
95		深圳金汇	299		-1,813		
96		集成期货	286		-1,729		
97		招金期货	279		-761		
98		华融期货	277		-18		
99		中融汇信	265		-677		
100		上海东亚	261		-246		
101		津投期货	250		-705		
102		首创京都	249		172		
103		中钢期货	246		-530		
104		中州期货	240		-433		
105		华闻期货	238		-70		
106		浙江新世纪	211		-620		
107		大越期货	209		-903		
108		东方期货	208		-523		
109		海航期货	207		-1,235		
110		中金期货	198		81		
111		混沌天成	195		108		
112		北京金鹏	187		-757		
113		江西瑞奇	178		-849		
114		晟鑫期货	170		137		
115		中天期货	166		-1,591		
116		神华期货	157		-158		
117		华创期货	155		-441		
118		西南期货	150		-32		
119		和融期货	141		136		
120		南证期货	134		-950		
121		财达期货	132		-275		
122		九州期货	110		-114		
123		天富期货	109		-360		
124		道通期货	105		-160		
125		第一创业	104		-106		
126		金石期货	96		-334		
127		通惠期货	66		60		
128		大连良运	64		-250		
129		河北恒银	57		-102		
130		江信国盛	56		-1		
131		盛达期货	55		20		
132		金信期货	52		-177		
133		云晨期货	49		-83		
134		红塔期货	49		-120		
135		华龙期货	45		-454		
136		海证期货	38		-108		
137		鑫鼎盛期货	34		-18		
138		山西三立	33		-467		
139		文峰期货	20		-131		
140		山金期货	19		-21		
141		新晟期货	16		-359		
142		天鸿期货	13		-18		
143		华金期货	11		-9		
144		新疆天利	9		-61		
145		上海浙石	1		1		
总计				336,664		-508,470	

名次		会员简称	持买单量	增减		
1		华信万达	42,563		1,112		
2		渤海期货	38,815		480		
3		南华期货	24,601		3		
4		国投安信	24,089		-808		
5		永安期货	19,798		515		
6		光大期货	19,638		-6,494		
7		海通期货	15,395		-673		
8		华泰期货	14,406		-332		
9		方正中期	14,354		1,294		
10		中粮期货	12,763		400		
11		鲁证期货	11,494		-542		
12		国泰君安	11,282		-931		
13		瑞达期货	11,147		-904		
14		东证期货	11,004		240		
15		申银万国	10,774		1,038		
16		华鑫期货	10,015		-2,699		
17		中融汇信	9,608		-80		
18		中信期货	9,183		91		
19		银河期货	6,558		-125		
20		徽商期货	6,316		-416		
21		金瑞期货	5,975		-68		
22		长江期货	5,471		935		
23		广发期货	5,301		-602		
24		弘业期货	4,858		-106		
25		大地期货	4,508		-159		
26		宏源期货	4,503		35		
27		东航期货	4,466		-373		
28		宝城期货	4,366		-251		
29		中钢期货	4,287		-51		
30		中国国际	4,170		12		
31		国联期货	3,617		-487		
32		中天期货	3,410		-8		
33		一德期货	3,401		43		
34		迈科期货	3,267		1,730		
35		东吴期货	3,128		-8		
36		浙商期货	3,105		-2,710		
37		同信久恒	3,088		507		
38		上海中期	3,086		265		
39		浙江新世纪	3,031		-28		
40		国海良时	2,967		-14		
41		五矿经易	2,953		-119		
42		国信期货	2,936		121		
43		广州金控	2,910		-180		
44		新湖期货	2,886		-25		
45		中辉期货	2,580		3		
46		美尔雅期货	2,480		-329		
47		国金期货	2,330		-3		
48		北京首创	2,314		461		
49		海航期货	2,144		-12		
50		中信建投	2,066		-211		
51		中衍期货	2,010		-63		
52		津投期货	1,888		219		
53		广州期货	1,825		386		
54		格林大华	1,810		46		
55		中银国际	1,776		54		
56		建信期货	1,765		78		
57		福能期货	1,759		-121		
58		兴证期货	1,757		51		
59		国贸期货	1,723		-55		
60		信达期货	1,638		-334		
61		中投期货	1,624		234		
62		冠通期货	1,310		-54		
63		英大期货	1,292		301		
64		国富期货	1,247		119		
65		江西瑞奇	1,188		34		
66		中大期货	1,169		-25		
67		中航期货	1,146		187		
68		新纪元期货	1,058		-28		
69		西部期货	1,022		-62		
70		招商期货	1,022		-168		
71		倍特期货	1,020		112		
72		锦泰期货	998		22		
73		创元期货	995		222		
74		大有期货	991		12		
75		平安期货	965		62		
76		东海期货	962		-136		
77		汇鑫期货	937		20		
78		金元期货	916		5		
79		深圳瑞龙	886		-19		
80		安粮期货	833		14		
81		华联期货	831		40		
82		国元期货	825		-173		
83		天富期货	700		4		
84		东兴期货	681		-34		
85		北京金鹏	678		-45		
86		大越期货	672		25		
87		东方汇金	670		1		
88		南证期货	632		-8		
89		中原期货	625		-70		
90		德盛期货	595		-13		
91		中财期货	571		57		
92		华西期货	569		50		
93		混沌天成	537		-40		
94		华安期货	472		-195		
95		中州期货	469		6		
96		集成期货	423		8		
97		上海东亚	416		-3		
98		神华期货	416		10		
99		西南期货	387		50		
100		云晨期货	374		2		
101		河北恒银	361		-1		
102		招金期货	351		13		
103		长安期货	350		-8		
104		江苏东华	344		-39		
105		首创京都	339		-235		
106		天风期货	338		12		
107		民生期货	337		22		
108		恒泰期货	313		4		
109		华融期货	294		155		
110		盛达期货	260		5		
111		第一创业	239		26		
112		华闻期货	230		-41		
113		上海大陆	228		3		
114		江信国盛	224		17		
115		国都期货	212		-201		
116		兴业期货	211		-42		
117		深圳金汇	198		-5		
118		华龙期货	197		-2		
119		山金期货	195		3		
120		九州期货	193		7		
121		金石期货	182		-7		
122		财达期货	170		-8		
123		华创期货	169		-13		
124		大连良运	162		23		
125		先融期货	138		-12		
126		红塔期货	130		0		
127		道通期货	126		-24		
128		海证期货	113		0		
129		铜冠金源	100		-10		
130		和合期货	96		-13		
131		新晟期货	90		2		
132		晟鑫期货	86		23		
133		金信期货	71		0		
134		山西三立	70		-17		
135		天鸿期货	69		0		
136		新疆天利	62		3		
137		文峰期货	60		-2		
138		东方期货	33		0		
139		大通期货	27		-1		
140		摩根大通	22		0		
141		通惠期货	20		16		
142		华金期货	4		1		
143		和融期货	3		-1		
144		鑫鼎盛期货	3		-8		
总计				487,902		-10,033		

名次		会员简称	持卖单量	增减		
1		永安期货	40,989		1,020		
2		光大期货	40,289		-6,314		
3		国投安信	29,927		951		
4		华泰期货	29,017		279		
5		南华期货	16,743		-785		
6		中粮期货	16,028		-321		
7		中信期货	15,949		10		
8		浙商期货	15,759		-202		
9		兴证期货	15,609		161		
10		国泰君安	14,611		901		
11		东证期货	11,111		797		
12		北京首创	10,871		239		
13		东航期货	10,789		-158		
14		华信万达	10,095		416		
15		国富期货	9,862		861		
16		鲁证期货	9,641		364		
17		海通期货	9,513		-2,266		
18		新湖期货	7,821		-12		
19		格林大华	7,590		121		
20		中金期货	7,315		-46		
21		方正中期	7,172		-1,779		
22		申银万国	6,826		722		
23		国信期货	5,601		-1,807		
24		中国国际	5,368		-271		
25		银河期货	5,050		248		
26		迈科期货	5,015		-899		
27		金瑞期货	4,820		260		
28		广发期货	4,816		930		
29		徽商期货	4,792		-1,091		
30		西部期货	4,750		1,170		
31		广州金控	4,104		-399		
32		长江期货	4,068		-170		
33		东吴期货	3,525		262		
34		宝城期货	3,319		-763		
35		一德期货	3,292		-47		
36		宏源期货	3,073		33		
37		弘业期货	2,867		159		
38		恒泰期货	2,741		55		
39		国联期货	2,710		-36		
40		中钢期货	2,691		-1		
41		招商期货	2,644		-110		
42		金元期货	2,602		49		
43		安粮期货	2,376		45		
44		建信期货	2,245		-46		
45		上海中期	2,222		74		
46		美尔雅期货	2,111		477		
47		海航期货	2,024		-9		
48		华安期货	1,983		156		
49		国都期货	1,893		1,348		
50		中融汇信	1,872		-35		
51		兴业期货	1,871		23		
52		国海良时	1,825		37		
53		汇鑫期货	1,787		1,256		
54		冠通期货	1,725		168		
55		华鑫期货	1,661		-1,335		
56		中银国际	1,644		75		
57		中信建投	1,620		-534		
58		渤海期货	1,478		-647		
59		英大期货	1,432		100		
60		深圳金汇	1,419		-4		
61		上海东亚	1,287		228		
62		平安期货	1,285		125		
63		大地期货	1,213		9		
64		国贸期货	1,206		97		
65		大通期货	1,202		-699		
66		五矿经易	1,160		-21		
67		广州期货	1,145		-8		
68		瑞达期货	1,074		-329		
69		倍特期货	993		-108		
70		国金期货	967		-518		
71		福能期货	923		176		
72		华西期货	922		-369		
73		信达期货	907		203		
74		浙江新世纪	882		29		
75		中投期货	868		-2		
76		大越期货	836		-4		
77		新纪元期货	779		33		
78		中大期货	747		-49		
79		招金期货	709		62		
80		中财期货	708		-69		
81		和合期货	707		-850		
82		大有期货	705		-187		
83		东方汇金	696		-370		
84		东兴期货	687		-204		
85		中衍期货	642		38		
86		天风期货	631		-694		
87		东方期货	610		-6		
88		创元期货	606		-87		
89		中天期货	575		18		
90		深圳瑞龙	520		20		
91		铜冠金源	512		-152		
92		上海大陆	510		247		
93		中航期货	483		25		
94		先融期货	464		4		
95		德盛期货	409		-59		
96		红塔期货	377		-5		
97		东海期货	342		47		
98		道通期货	324		7		
99		江西瑞奇	270		30		
100		神华期货	264		3		
101		中辉期货	258		-273		
102		中原期货	216		22		
103		北京金鹏	207		-90		
104		九州期货	185		-7		
105		国元期货	175		-8		
106		锦泰期货	167		-4		
107		民生期货	153		64		
108		中州期货	148		-28		
109		混沌天成	145		-107		
110		华联期货	133		79		
111		华创期货	127		64		
112		南证期货	125		-18		
113		长安期货	113		35		
114		集成期货	101		0		
115		首创京都	93		6		
116		江苏东华	87		52		
117		金信期货	79		0		
118		新晟期货	72		0		
119		同信久恒	64		-8		
120		财达期货	61		2		
121		云晨期货	57		-1		
122		西南期货	56		4		
123		山金期货	48		0		
124		华融期货	43		-76		
125		海证期货	41		-6		
126		华龙期货	29		-1		
127		金石期货	26		-1		
128		津投期货	24		7		
129		天富期货	22		1		
130		天鸿期货	20		-11		
131		第一创业	17		0		
132		大连良运	16		7		
133		文峰期货	16		-10		
134		晟鑫期货	15		1		
135		华闻期货	15		-19		
136		山西三立	13		0		
137		盛达期货	10		0		
138		河北恒银	4		-2		
139		鑫鼎盛期货	4		0		
140		江信国盛	3		3		
141		新疆天利	2		0		
142		华金期货	1		0		
143		和融期货	1		0		
144		上海浙石	0		-1		
总计				487,902		-10,033		



会员类别	总成交量	增减		
期货公司会员	336,664		-508,470	
非期货公司会员	0		0		

会员类别	总持买单量	增减		
期货公司会员	487,902		-10,033		
非期货公司会员	0		0		

会员类别	总持卖单量	增减		
期货公司会员	487,902		-10,033		
非期货公司会员	0		0		

