								大连商品交易所 成交量_买持仓_卖持仓排名	

品种代码：cs		Date：20170411	

			期货公司会员	

名次		会员简称	成交量		增减		
1		海通期货	109,961		37,417		
2		华安期货	44,414		15,584		
3		中信期货	34,379		14,619		
4		华信万达	30,353		20,196		
5		永安期货	29,993		14,196		
6		光大期货	29,074		15,689		
7		东航期货	22,129		8,793		
8		广州金控	22,102		10,539		
9		华泰期货	21,871		6,409		
10		国投安信	21,092		7,071		
11		金瑞期货	19,098		13,947		
12		兴证期货	18,748		4,279		
13		国泰君安	17,837		-2,011		
14		徽商期货	16,059		5,795		
15		长江期货	16,007		11,898		
16		东证期货	15,281		5,058		
17		申银万国	15,035		10,686		
18		金元期货	14,298		12,401		
19		鲁证期货	13,547		6,009		
20		招商期货	12,759		8,397		
21		西部期货	12,355		2,473		
22		广发期货	11,631		2,573		
23		国信期货	11,311		4,833		
24		方正中期	10,656		833		
25		中国国际	10,362		8,378		
26		银河期货	10,096		3,243		
27		中信建投	10,073		4,441		
28		创元期货	9,967		4,404		
29		中粮期货	9,954		279		
30		中融汇信	9,937		2,980		
31		南华期货	9,906		2,850		
32		新湖期货	8,680		4,081		
33		北京首创	8,680		6,129		
34		浙商期货	7,803		-1,864		
35		渤海期货	7,144		5,208		
36		建信期货	7,125		5,440		
37		国元期货	6,925		4,466		
38		宏源期货	6,869		2,126		
39		美尔雅期货	6,830		-4,905		
40		国都期货	6,575		235		
41		上海中期	6,477		699		
42		国联期货	6,331		549		
43		迈科期货	5,976		3,057		
44		五矿经易	5,885		-71		
45		弘业期货	5,397		1,499		
46		大越期货	5,294		-332		
47		冠通期货	5,286		2,333		
48		格林大华	5,162		733		
49		信达期货	5,136		3,580		
50		安粮期货	4,898		-584		
51		国海良时	4,700		2,607		
52		国富期货	4,498		1,851		
53		英大期货	3,915		1,669		
54		上海大陆	3,529		1,775		
55		国金期货	3,478		2,138		
56		中衍期货	3,447		380		
57		中辉期货	3,440		1,729		
58		宝城期货	3,342		829		
59		大地期货	3,217		-204		
60		华西期货	3,106		1,094		
61		深圳瑞龙	3,045		950		
62		集成期货	2,984		2,320		
63		同信久恒	2,925		1,577		
64		一德期货	2,808		1,362		
65		中投期货	2,752		1,090		
66		先融期货	2,450		187		
67		东兴期货	2,394		960		
68		海航期货	2,340		1,433		
69		福能期货	2,299		1,369		
70		倍特期货	2,299		888		
71		中钢期货	2,222		549		
72		国贸期货	2,202		1,450		
73		浙江新世纪	2,163		-2,473		
74		东海期货	2,100		1,221		
75		东吴期货	1,941		1,357		
76		铜冠金源	1,851		-330		
77		华鑫期货	1,849		1,309		
78		瑞达期货	1,836		273		
79		和合期货	1,834		-495		
80		中大期货	1,805		-655		
81		中金期货	1,789		163		
82		平安期货	1,677		1,052		
83		中航期货	1,675		1,267		
84		中天期货	1,599		619		
85		兴业期货	1,598		779		
86		南证期货	1,586		1,090		
87		上海中财	1,514		833		
88		广州期货	1,307		675		
89		上海东亚	1,168		-61		
90		华联期货	1,147		281		
91		江西瑞奇	1,144		780		
92		东方汇金	1,053		36		
93		新纪元期货	998		229		
94		华融期货	988		573		
95		恒泰期货	981		107		
96		招金期货	970		423		
97		德盛期货	962		558		
98		民生期货	908		354		
99		北京金鹏	840		498		
100		江苏东华	821		471		
101		九州期货	809		692		
102		中原期货	726		-436		
103		天风期货	688		-63		
104		中州期货	676		263		
105		华龙期货	608		388		
106		大有期货	523		72		
107		汇鑫期货	487		45		
108		深圳金汇	433		4		
109		盛达期货	432		422		
110		津投期货	430		-404		
111		神华期货	410		-98		
112		大连良运	392		-495		
113		金信期货	294		-79		
114		东方期货	280		275		
115		天富期货	278		157		
116		华闻期货	275		103		
117		金石期货	272		97		
118		河北恒银	256		125		
119		红塔期货	243		149		
120		锦泰期货	231		-84		
121		华创期货	226		200		
122		第一创业	212		102		
123		海证期货	206		112		
124		混沌天成	205		-246		
125		上海浙石	204		102		
126		财达期货	199		-42		
127		西南期货	197		39		
128		文峰期货	193		72		
129		新晟期货	186		45		
130		首创京都	143		109		
131		中银国际	132		-1,143		
132		长安期货	119		51		
133		道通期货	111		26		
134		和融期货	107		104		
135		晟鑫期货	97		-77		
136		山西三立	84		22		
137		江信国盛	68		-50		
138		山金期货	31		5		
139		华金期货	29		-12		
140		云晨期货	28		-63		
141		天鸿期货	26		-8		
142		鑫鼎盛期货	24		6		
143		新疆天利	24		0		
144		大通期货	20		-15		
总计				881,868		336,047		

名次		会员简称	持买单量	增减		
1		华信万达	46,024		3,176		
2		永安期货	28,697		218		
3		南华期货	21,980		2,641		
4		国投安信	18,336		772		
5		渤海期货	17,612		2,021		
6		格林大华	16,375		-190		
7		华泰期货	16,371		1,334		
8		瑞达期货	16,086		255		
9		方正中期	15,453		292		
10		光大期货	15,261		1,969		
11		海通期货	14,192		2,197		
12		华鑫期货	11,725		22		
13		中信期货	11,369		808		
14		东吴期货	10,897		-191		
15		中粮期货	10,781		2,576		
16		申银万国	9,916		-569		
17		东航期货	9,576		-3,322		
18		兴证期货	9,039		2,944		
19		国泰君安	8,903		-204		
20		鲁证期货	8,103		1,001		
21		浙商期货	7,876		-473		
22		金瑞期货	7,594		1,236		
23		广发期货	7,538		1,657		
24		国联期货	7,358		25		
25		银河期货	7,312		513		
26		长江期货	6,830		6		
27		新湖期货	6,798		-340		
28		宏源期货	6,393		-459		
29		徽商期货	6,142		798		
30		国海良时	5,746		241		
31		中钢期货	5,256		-457		
32		中融汇信	5,156		635		
33		美尔雅期货	5,133		166		
34		大地期货	5,104		-107		
35		国富期货	4,628		-191		
36		宝城期货	4,558		-373		
37		广州金控	4,496		1,318		
38		中国国际	4,313		-570		
39		中信建投	4,301		1,055		
40		北京首创	4,282		1,691		
41		西部期货	4,160		-703		
42		上海中期	3,987		344		
43		倍特期货	3,877		-810		
44		弘业期货	3,769		319		
45		国信期货	3,605		-125		
46		五矿经易	3,115		-1,001		
47		迈科期货	3,005		365		
48		中辉期货	2,978		244		
49		海航期货	2,814		428		
50		东证期货	2,649		-360		
51		信达期货	2,312		549		
52		中衍期货	2,297		26		
53		冠通期货	2,283		9		
54		同信久恒	2,184		28		
55		国贸期货	2,111		345		
56		福能期货	1,939		-83		
57		东海期货	1,933		-212		
58		华安期货	1,929		-1,591		
59		一德期货	1,916		-67		
60		中投期货	1,861		73		
61		先融期货	1,851		-276		
62		浙江新世纪	1,837		-321		
63		中大期货	1,691		-375		
64		建信期货	1,456		-499		
65		国金期货	1,329		233		
66		招商期货	1,286		-565		
67		广州期货	1,250		29		
68		安粮期货	1,137		129		
69		民生期货	1,123		-307		
70		津投期货	1,106		26		
71		兴业期货	1,104		-85		
72		混沌天成	1,100		-29		
73		大有期货	1,079		92		
74		新纪元期货	1,071		77		
75		英大期货	1,011		-165		
76		中银国际	999		0		
77		中原期货	955		-17		
78		中天期货	942		270		
79		江西瑞奇	942		-104		
80		平安期货	940		0		
81		锦泰期货	936		-49		
82		东兴期货	906		-617		
83		大越期货	894		-4,015		
84		深圳瑞龙	867		72		
85		创元期货	856		259		
86		上海大陆	837		-397		
87		华联期货	813		-221		
88		东方汇金	804		-185		
89		中航期货	795		-324		
90		国元期货	776		-125		
91		上海东亚	692		-37		
92		德盛期货	625		-45		
93		天风期货	624		72		
94		红塔期货	584		82		
95		汇鑫期货	561		57		
96		上海中财	547		-190		
97		海证期货	531		51		
98		中州期货	507		137		
99		西南期货	476		25		
100		第一创业	473		-25		
101		华西期货	446		-872		
102		集成期货	442		9		
103		招金期货	441		12		
104		南证期货	429		63		
105		恒泰期货	390		-82		
106		神华期货	385		89		
107		首创京都	379		-12		
108		江苏东华	360		70		
109		盛达期货	348		7		
110		北京金鹏	341		32		
111		河北恒银	334		-19		
112		长安期货	322		6		
113		金元期货	279		-207		
114		云晨期货	272		5		
115		金石期货	263		-7		
116		财达期货	238		67		
117		国都期货	216		-114		
118		华融期货	202		-1		
119		九州期货	192		-29		
120		新疆天利	192		12		
121		华创期货	167		-2		
122		金信期货	164		-191		
123		铜冠金源	163		-39		
124		中金期货	162		-147		
125		通惠期货	160		0		
126		深圳金汇	147		45		
127		华龙期货	142		45		
128		新晟期货	140		-2		
129		道通期货	133		17		
130		大连良运	115		16		
131		华闻期货	86		-15		
132		文峰期货	85		-3		
133		山西三立	82		1		
134		和合期货	79		-3		
135		晟鑫期货	74		1		
136		天富期货	52		-96		
137		天鸿期货	49		14		
138		江信国盛	39		1		
139		鑫鼎盛期货	37		3		
140		大通期货	30		-1		
141		东方期货	26		1		
142		山金期货	11		-9		
143		上海浙石	6		-2		
144		和融期货	5		0		
145		华金期货	5		0		
总计				535,177		13,200		

名次		会员简称	持卖单量	增减		
1		永安期货	52,682		-2,825		
2		中粮期货	37,814		-806		
3		光大期货	36,095		-1,427		
4		华泰期货	29,891		133		
5		国投安信	29,810		604		
6		建信期货	23,547		-5,188		
7		申银万国	22,424		-3,984		
8		东证期货	20,894		-13		
9		浙商期货	19,114		-2,016		
10		渤海期货	17,766		1,871		
11		北京首创	17,493		-35		
12		中信期货	14,817		-259		
13		南华期货	11,502		917		
14		海通期货	10,432		3,022		
15		中大期货	10,036		32		
16		华信万达	9,906		2,031		
17		东航期货	9,638		4,391		
18		广发期货	9,518		1,080		
19		兴证期货	8,755		3,586		
20		国泰君安	8,676		407		
21		弘业期货	8,198		-460		
22		金瑞期货	7,612		-140		
23		中国国际	5,311		-5,558		
24		银河期货	5,107		2,457		
25		中金期货	5,022		1,642		
26		方正中期	4,742		1,556		
27		新湖期货	4,414		560		
28		国信期货	4,296		1,292		
29		深圳瑞龙	3,930		-307		
30		格林大华	3,498		266		
31		国富期货	3,363		741		
32		山金期货	3,242		-6		
33		冠通期货	3,202		445		
34		鲁证期货	3,183		350		
35		安粮期货	2,950		721		
36		创元期货	2,906		-28		
37		五矿经易	2,874		-112		
38		广州金控	2,534		936		
39		华联期货	2,492		-108		
40		金元期货	2,417		379		
41		宏源期货	2,348		532		
42		东吴期货	2,323		420		
43		国联期货	1,925		702		
44		东兴期货	1,770		789		
45		海航期货	1,751		-534		
46		天风期货	1,750		156		
47		瑞达期货	1,560		-239		
48		华西期货	1,543		944		
49		英大期货	1,536		570		
50		上海中期	1,484		233		
51		上海东亚	1,416		819		
52		一德期货	1,334		-71		
53		宝城期货	1,327		47		
54		东海期货	1,208		6		
55		和合期货	1,161		483		
56		中信建投	1,142		200		
57		国海良时	1,132		297		
58		国都期货	1,112		-2,267		
59		迈科期货	1,098		451		
60		招商期货	1,062		202		
61		徽商期货	1,053		-77		
62		西部期货	1,045		58		
63		新纪元期货	1,042		7		
64		兴业期货	1,031		453		
65		美尔雅期货	906		-42		
66		华安期货	900		189		
67		中钢期货	863		3		
68		中融汇信	859		634		
69		信达期货	834		267		
70		神华期货	763		-55		
71		长江期货	699		201		
72		民生期货	681		-115		
73		中投期货	659		-59		
74		招金期货	636		306		
75		大有期货	630		93		
76		华鑫期货	588		-223		
77		铜冠金源	548		340		
78		先融期货	546		12		
79		倍特期货	510		305		
80		中辉期货	492		100		
81		平安期货	488		215		
82		中天期货	480		253		
83		国贸期货	452		85		
84		大地期货	451		-30		
85		上海中财	404		300		
86		国元期货	392		-92		
87		德盛期货	340		211		
88		东方汇金	305		-234		
89		广州期货	289		26		
90		上海大陆	282		8		
91		南证期货	273		25		
92		国金期货	254		91		
93		福能期货	246		-52		
94		中航期货	241		49		
95		中衍期货	231		-1		
96		恒泰期货	211		35		
97		盛达期货	210		-1		
98		北京金鹏	184		112		
99		江西瑞奇	170		18		
100		混沌天成	166		-154		
101		第一创业	149		-7		
102		新晟期货	143		52		
103		九州期货	123		12		
104		浙江新世纪	110		12		
105		深圳金汇	102		16		
106		大越期货	99		39		
107		西南期货	96		38		
108		锦泰期货	89		42		
109		中原期货	85		13		
110		华融期货	82		-9		
111		华闻期货	75		30		
112		山西三立	71		9		
113		海证期货	68		3		
114		红塔期货	50		17		
115		金石期货	44		19		
116		长安期货	41		1		
117		江苏东华	37		11		
118		华创期货	33		16		
119		集成期货	28		-3		
120		财达期货	25		-4		
121		文峰期货	23		-14		
122		汇鑫期货	22		2		
123		同信久恒	19		-115		
124		天富期货	18		8		
125		晟鑫期货	17		-4		
126		华龙期货	17		7		
127		中州期货	15		5		
128		大连良运	10		8		
129		鑫鼎盛期货	9		5		
130		金信期货	8		-1		
131		大通期货	7		-1		
132		首创京都	7		5		
133		河北恒银	4		3		
134		华金期货	4		-1		
135		云晨期货	2		-1		
136		津投期货	2		-52		
137		江信国盛	1		1		
138		中银国际	1		-6		
139		东方期货	1		-1		
140		和融期货	1		-1		
141		上海浙石	0		-100		
142		道通期货	0		-2		
总计				535,177		13,200		



会员类别	总成交量	增减		
期货公司会员	881,868		336,047		
非期货公司会员	0		0		

会员类别	总持买单量	增减		
期货公司会员	535,177		13,200		
非期货公司会员	0		0		

会员类别	总持卖单量	增减		
期货公司会员	535,177		13,200		
非期货公司会员	0		0		

