130918 1
130923 2
130924 1
130925 2
130926 2
130927 1
130930 1
131004 4
131006 4
131008 1
131009 2
131010 1
131011 1
131014 2
131015 2
131016 1
131017 2
131018 1
131021 2
131022 1
131023 2
131024 2
131025 1
131028 2
131029 1
131030 2
131031 2
131101 2
131104 2
131105 1
131106 1
131107 2
131108 2
131111 1
131112 1
131113 1
131114 1
131115 2
131118 1
131119 1
131120 1
131121 1
131122 1
131125 1
131126 1
131127 2
131128 1
131129 1
131202 1
131203 1
131204 1
131205 1
131206 1
131209 1
131210 1
131211 2
131212 2
131213 2
131216 1
131217 2
131218 2
131219 1
131220 1
131223 1
131224 1
131225 1
131226 1
131227 1
131230 2
131231 1
140102 2
140103 1
140106 2
140107 1
140108 1
140109 1
140110 2
140113 2
140114 2
140115 1
140116 1
140117 1
140120 1
140121 2
140122 2
140123 2
140124 2
140127 1
140128 1
140129 1
140130 2
140207 1
140210 1
140211 2
140212 2
140213 2
140214 2
140217 2
140218 2
140219 2
140220 1
140221 2
140224 2
140225 1
140226 4
140227 4
140228 2
140303 2
140304 2
140305 2
140306 1
140307 2
140310 2
140311 2
140312 2
140313 1
140314 1
140317 2
140318 2
140319 1
140320 1
140321 2
140324 1
140325 2
140326 2
140327 2
140328 2
140331 2
140401 2
140402 2
140403 1
140404 2
140408 2
140409 1
140410 1
140411 2
140414 2
140415 1
140416 1
140417 1
140418 1
140421 1
140422 2
140423 1
140424 2
140425 1
140428 1
140429 2
140430 2
140505 1
140506 2
140507 2
140508 2
140509 1
140512 2
140513 1
140514 2
140515 2
140516 1
140519 1
140520 2
140521 2
140522 2
140523 1
140526 2
140527 2
140528 2
140529 1
140530 1
140603 2
140604 1
140605 1
140606 2
140609 1
140610 1
140611 1
140612 1
140613 2
140616 1
140617 2
140618 1
140619 1
140620 2
140623 2
140624 1
140625 1
140626 2
140627 1
140630 1
140701 2
140702 1
140703 1
140704 2
140707 2
140708 1
140709 2
140710 1
140711 2
140714 2
140715 2
140716 1
140717 2
140718 2
140721 1
140722 2
140723 2
140724 2
140725 2
140728 1
140729 2
140730 1
140731 1
140801 1
140804 2
140805 2
140806 2
140807 2
140808 1
140811 1
140812 2
140813 1
140814 2
140815 2
140818 2
140819 1
140820 1
140821 2
140822 2
140825 1
140826 2
140827 1
140828 1
140829 2
140901 2
140902 1
140903 1
140904 2
140905 1
140909 1
140910 1
140911 2
140912 1
140915 2
140916 2
140917 2
140918 2
140919 1
140922 1
140923 1
140924 1
140925 2
140926 1
140929 2
140930 2
141008 2
141009 2
141010 2
141013 2
141014 2
141015 1
141016 2
141017 2
141020 1
141021 1
141022 1
141023 2
141024 1
141027 2
141028 1
141029 1
141030 1
141031 1
141103 1
141104 2
141105 2
141106 1
141107 2
141110 2
141111 1
141112 1
141113 2
141114 2
141117 1
141118 1
141119 2
141120 2
141121 2
141124 2
141125 2
141126 2
141127 2
141128 1
141201 2
141202 1
141203 2
141204 1
141205 1
141208 2
141209 2
141210 2
141211 2
141212 2
141215 2
141216 2
141217 2
141218 2
141219 2
141222 2
141223 2
141224 1
141225 2
141226 1
141229 2
141230 2
141231 1
150105 2
150106 2
150107 1
150108 2
150109 2
150112 1
150113 1
150114 1
150115 2
150116 1
150119 1
150120 2
150121 1
150122 1
150123 2
150126 1
150127 1
150128 2
150129 2
150130 1
150202 2
150203 2
150204 2
150205 2
150206 2
150209 1
150210 2
150211 1
150212 2
150213 2
150216 1
150217 1
150225 2
150226 1
150227 2
150302 2
150303 2
150304 2
150305 2
150306 2
150309 2
150310 2
150311 2
150312 2
150313 2
150316 2
150317 1
150318 2
150319 1
150320 2
150323 2
150324 1
150325 1
150326 2
150327 2
150330 1
150331 1
150401 2
150402 1
150403 1
150407 2
150408 1
150409 2
150410 2
150413 2
150414 2
150415 1
150416 2
150417 1
150420 1
150421 1
150422 2
150423 1
150424 1
150427 2
150428 2
150429 2
150430 1
150504 2
150505 2
150506 2
150507 2
150508 2
150511 2
150512 1
150513 1
150514 2
150515 1
150518 1
150519 1
150520 2
150521 2
150522 1
150525 2
150526 2
150527 1
150528 1
150529 2
150601 2
150602 1
150603 2
150604 1
150605 1
150608 2
150609 1
150610 1
150611 2
150612 2
150615 2
150616 1
150617 2
150618 1
150619 2
150623 1
150624 2
150625 1
150626 2
150629 1
150630 1
150701 1
150702 2
150703 2
150706 1
150707 2
150708 1
150709 2
150710 2
150713 1
150714 1
150715 2
150716 2
150717 1
150720 2
150721 2
150722 1
150723 1
150724 1
150727 2
150728 1
150729 1
150730 1
150731 1
150803 2
150804 1
150805 2
150806 1
150807 2
150810 2
150811 1
150812 2
150813 2
150814 2
150817 1
150818 2
150819 1
150820 1
150821 2
150824 1
150825 2
150826 1
150827 2
150828 1
150831 2
150901 2
150902 1
150907 1
150908 2
150909 2
150910 1
150911 1
150914 2
150915 1
150916 2
150917 1
150918 2
150921 2
150922 1
150923 2
150924 2
150925 2
150928 2
150929 2
150930 1
151008 2
151009 2
151012 1
151013 1
151014 2
151015 2
151016 1
151019 1
151020 2
151021 1
151022 2
151023 1
151026 2
151027 2
151028 1
151029 2
151030 2
151102 2
151103 2
151104 2
151105 2
151106 2
151109 1
151110 2
151111 2
151112 1
151113 2
151116 1
151117 1
151118 2
151119 1
151120 1
151123 2
151124 2
151125 2
151126 2
151127 1
151130 2
151201 2
151202 2
151203 2
151204 1
151207 2
151208 2
151209 1
151210 2
151211 2
151214 1
151215 2
151216 2
151217 2
151218 2
151221 2
151222 2
151223 2
151224 2
151225 2
151228 2
151229 2
151230 2
151231 1
160104 2
160105 2
160106 1
160107 1
160108 1
160111 2
160112 1
160113 2
160114 2
160115 2
160118 2
160119 2
160120 1
160121 2
160122 2
160125 2
160126 2
160127 1
160128 1
160129 1
160201 1
160202 2
160203 2
160204 2
160205 1
160215 2
160216 2
160217 1
160218 2
160219 2
160222 2
160223 2
160224 2
160225 1
160226 2
160229 2
160301 2
160302 2
160303 2
160304 1
160307 2
160308 2
160309 1
160310 1
160311 2
160314 2
160315 2
160316 2
160317 1
160318 2
160321 1
160322 2
160323 1
160324 1
160325 1
160328 1
160329 2
160330 1
160331 1
160401 2
160405 1
160406 1
160407 2
160408 1
160411 2
160412 1
160413 2
160414 2
160415 1
160418 2
160419 2
160420 1
160421 2
160422 1
160425 1
160426 2
160427 2
160428 1
160429 1
160503 1
160504 1
160505 2
160506 2
160509 1
160510 2
160511 2
160512 2
160513 2
160516 1
160517 2
160518 1
160519 1
160520 1
160523 2
160524 2
160525 2
160526 1
160527 1
160530 1
160531 2
160601 1
160602 2
160603 2
160606 1
160607 2
160608 1
160613 2
160614 1
160615 2
160616 2
160617 2
160620 1
160621 2
160622 1
160623 1
160624 1
160627 2
160628 2
160629 1
160630 2
160701 1
160704 2
160705 2
160706 2
160707 1
160708 2
160711 1
160712 1
160713 2
160714 1
160715 1
160718 1
160719 1
160720 2
160721 1
160722 1
160725 2
160726 2
160727 2
160728 1
160729 2
160801 1
160802 1
160803 1
160804 1
160805 1
160808 1
160809 2
160810 1
160811 2
160812 2
160815 1
160816 1
160817 1
160818 1
160819 2
160822 2
160823 2
160824 2
160825 1
160826 2
160829 1
160830 2
160831 1
160901 2
160902 1
160905 1
160906 1
160907 2
160908 2
160909 1
160912 2
160913 1
160914 2
160919 1
160920 1
160921 1
160922 2
160923 2
160926 1
160927 2
160928 2
160929 2
160930 2
161010 2
161011 2
161012 1
161013 2
161014 1
161017 2
161018 1
161019 1
161020 1
161021 2
161024 1
161025 1
161026 1
161027 1
161028 1
161031 1
161101 1
161102 2
161103 1
161104 1
161107 2
161108 1
161109 1
161110 2
161111 2
161114 2
161115 2
161116 2
161117 1
161118 2
161121 2
161122 1
161123 1
161124 1
161125 2
161128 2
161129 1
161130 1
161201 2
161202 1
161205 2
161206 2
161207 2
161208 2
161209 1
161212 1
161213 1
161214 2
161215 1
161216 1
161219 1
161220 2
161221 1
161222 2
161223 1
161226 1
161227 1
161228 2
161229 2
161230 2
170103 2
170104 1
170105 2
170106 2
170109 2
170110 1
170111 1
170112 1
170113 2
170116 2
170117 2
170118 1
170119 1
170120 2
170123 1
170124 2
170125 1
170126 2
170203 2
170206 2
170207 1
170208 1
170209 2
170210 1
170213 1
170214 2
170215 1
170216 2
170217 1
170220 1
170221 1
170222 1
170223 1
170224 2
170227 1
170228 2
170301 1
170302 2
170303 1
170306 1
170307 2
170308 2
170309 1
170310 2
170313 2
170314 2
170315 2
170316 1
170317 2
170320 1
170321 1
170322 1
170323 2
170324 1
170327 1
170328 1
170329 2
170330 2
170331 2
170405 2
170406 2
170407 1
170410 2
170411 2
170412 2
170413 1
170414 2
170417 1
170418 1
170419 1
170420 2
170421 2
170424 2
170425 2
170426 2
170427 1
170428 1
170502 2
170503 2
170504 1
170505 2
170508 1
170509 1
170510 2
170511 1
170512 1
170515 2
170516 2
170517 1
170518 2
170519 2
170522 1
170523 1
170524 1
170525 2
170526 2
170531 2
170601 1
170602 2
170605 2
170606 1
170607 2
170608 1
170609 1
170612 1
170613 1
170614 1
170615 2
170616 1
170619 2
170620 2
170621 1
170622 1
170623 1
170626 2
170627 1
170628 2
170629 2
170630 2
170703 2
170704 2
170705 2
170706 2
170707 2
170710 1
170711 1
170712 1
170713 2
170714 2
170717 2
170718 1
170719 2
170720 2
170721 1
170724 2
170725 1
170726 1
170727 2
170728 2
170731 1
170801 1
170802 2
170803 1
170804 1
170807 1
170808 1
170809 2
170810 1
170811 2
170814 2
170815 1
170816 1
170817 1
170818 2
