080124 3
080125 1
080128 3
080129 3
080130 3
080131 3
080201 3
080204 3
080205 3
080213 3
080214 1
080215 3
080218 3
080219 3
080220 3
080221 2
080222 2
080225 2
080226 3
080227 2
080228 1
080229 2
080303 2
080304 1
080305 1
080306 2
080307 2
080310 1
080311 2
080312 1
080313 2
080314 1
080317 2
080318 1
080319 2
080320 2
080321 2
080324 2
080325 3
080326 3
080327 3
080328 3
080331 3
080401 3
080402 3
080403 3
080407 3
080408 3
080409 3
080410 3
080411 3
080414 3
080415 3
080416 3
080417 3
080418 3
080421 3
080422 3
080423 3
080424 3
080425 3
080428 3
080429 3
080430 3
080505 3
080506 3
080507 3
080508 3
080509 3
080512 3
080513 3
080514 3
080515 3
080516 3
080519 3
080520 1
080521 2
080522 2
080523 3
080526 2
080527 2
080528 2
080529 1
080530 2
080602 1
080603 1
080604 1
080605 1
080606 1
080610 2
080611 1
080612 1
080613 2
080616 1
080617 1
080618 1
080619 2
080620 1
080623 2
080624 1
080625 1
080626 1
080627 2
080630 1
080701 1
080702 1
080703 1
080704 2
080707 1
080708 1
080709 1
080710 2
080711 2
080714 1
080715 2
080716 1
080717 2
080718 1
080721 2
080722 1
080723 1
080724 2
080725 2
080728 1
080729 2
080730 1
080731 2
080801 2
080804 1
080805 1
080806 2
080807 2
080808 2
080811 1
080812 2
080813 2
080814 1
080815 1
080818 2
080819 1
080820 1
080821 2
080822 1
080825 2
080826 1
080827 2
080828 1
080829 2
080901 2
080902 1
080903 2
080904 1
080905 1
080908 1
080909 1
080910 1
080911 1
080912 2
080916 2
080917 2
080918 1
080919 2
080922 1
080923 2
080924 2
080925 1
080926 1
081006 2
081007 2
081008 2
081009 2
081010 2
081013 2
081014 1
081015 2
081016 3
081017 2
081020 2
081021 1
081022 2
081023 2
081024 2
081027 2
081028 2
081029 1
081030 2
081031 2
081103 2
081104 1
081105 1
081106 2
081107 1
081110 2
081111 1
081112 1
081113 1
081114 1
081117 1
081118 2
081119 2
081120 2
081121 2
081124 2
081125 1
081126 1
081127 1
081128 2
081201 2
081202 1
081203 2
081204 1
081205 2
081208 2
081209 1
081210 2
081211 2
081212 2
081215 1
081216 1
081217 2
081218 2
081219 2
081222 2
081223 2
081224 1
081225 2
081226 2
081229 1
081230 1
081231 2
090105 1
090106 1
090107 2
090108 2
090109 2
090112 1
090113 2
090114 1
090115 1
090116 2
090119 1
090120 1
090121 2
090122 1
090123 1
090202 2
090203 1
090204 2
090205 1
090206 1
090209 2
090210 1
090211 2
090212 2
090213 1
090216 2
090217 2
090218 1
090219 2
090220 1
090223 1
090224 2
090225 2
090226 2
090227 1
090302 1
090303 2
090304 2
090305 2
090306 2
090309 2
090310 1
090311 1
090312 1
090313 1
090316 2
090317 1
090318 1
090319 2
090320 1
090323 1
090324 2
090325 2
090326 1
090327 2
090330 2
090331 1
090401 2
090402 2
090403 1
090407 1
090408 2
090409 2
090410 2
090413 2
090414 2
090415 1
090416 2
090417 1
090420 1
090421 2
090422 1
090423 1
090424 1
090427 2
090428 1
090429 1
090430 2
090504 2
090505 1
090506 1
090507 2
090508 1
090511 2
090512 2
090513 1
090514 2
090515 1
090518 1
090519 1
090520 1
090521 1
090522 1
090525 2
090526 1
090527 2
090601 2
090602 1
090603 1
090604 2
090605 1
090608 1
090609 2
090610 1
090611 2
090612 1
090615 1
090616 1
090617 2
090618 2
090619 2
090622 1
090623 1
090624 2
090625 1
090626 2
090629 1
090630 1
090701 2
090702 2
090703 1
090706 2
090707 1
090708 2
090709 2
090710 2
090713 1
090714 2
090715 1
090716 2
090717 1
090720 2
090721 1
090722 1
090723 2
090724 1
090727 2
090728 2
090729 2
090730 1
090731 2
090803 2
090804 1
090805 2
090806 1
090807 1
090810 2
090811 2
090812 2
090813 2
090814 1
090817 1
090818 1
090819 2
090820 1
090821 2
090824 1
090825 2
090826 1
090827 2
090828 2
090831 1
090901 1
090902 1
090903 2
090904 2
090907 2
090908 1
090909 2
090910 2
090911 2
090914 2
090915 2
090916 2
090917 2
090918 1
090921 1
090922 2
090923 2
090924 2
090925 1
090928 1
090929 2
090930 2
091009 2
091012 1
091013 2
091014 1
091015 1
091016 2
091019 2
091020 1
091021 1
091022 1
091023 2
091026 2
091027 2
091028 1
091029 1
091030 2
091102 1
091103 2
091104 1
091105 1
091106 2
091109 2
091110 1
091111 1
091112 1
091113 2
091116 2
091117 1
091118 2
091119 2
091120 1
091123 1
091124 1
091125 2
091126 2
091127 2
091130 1
091201 1
091202 1
091203 1
091204 1
091207 1
091208 2
091209 2
091210 1
091211 1
091214 1
091215 2
091216 2
091217 2
091218 2
091221 2
091222 1
091223 2
091224 2
091225 2
091228 1
091229 1
091230 1
091231 2
100104 2
100105 2
100106 1
100107 1
100108 1
100111 2
100112 1
100113 2
100114 1
100115 1
100118 2
100119 1
100120 2
100121 2
100122 1
100125 1
100126 2
100127 2
100128 1
100129 1
100201 1
100202 2
100203 1
100204 2
100205 1
100208 2
100209 2
100210 2
100211 1
100212 1
100222 1
100223 1
100224 1
100225 1
100226 1
100301 1
100302 2
100303 2
100304 1
100305 1
100308 2
100309 2
100310 2
100311 2
100312 1
100315 2
100316 1
100317 2
100318 1
100319 2
100322 2
100323 1
100324 1
100325 2
100326 2
100329 2
100330 1
100331 1
100401 1
100402 1
100406 2
100407 2
100408 1
100409 2
100412 1
100413 1
100414 2
100415 1
100416 1
100419 2
100420 2
100421 1
100422 1
100423 2
100426 2
100427 1
100428 2
100429 1
100430 1
100504 1
100505 2
100506 2
100507 1
100510 1
100511 2
100512 2
100513 2
100514 2
100517 1
100518 2
100519 2
100520 1
100521 2
100524 2
100525 1
100526 1
100527 2
100528 2
100531 1
100601 1
100602 1
100603 1
100604 2
100607 1
100608 1
100609 2
100610 2
100611 2
100617 2
100618 1
100621 2
100622 2
100623 2
100624 2
100625 1
100628 1
100629 1
100630 2
100701 1
100702 1
100705 1
100706 2
100707 2
100708 2
100709 2
100712 2
100713 2
100714 1
100715 1
100716 2
100719 1
100720 2
100721 2
100722 1
100723 2
100726 1
100727 2
100728 2
100729 1
100730 1
100802 2
100803 2
100804 1
100805 1
100806 1
100809 2
100810 1
100811 1
100812 2
100813 1
100816 2
100817 2
100818 1
100819 2
100820 1
100823 2
100824 1
100825 2
100826 2
100827 2
100830 2
100831 1
100901 1
100902 2
100903 1
100906 1
100907 2
100908 2
100909 1
100910 2
100913 1
100914 1
100915 1
100916 1
100917 2
100920 1
100921 1
100927 1
100928 2
100929 1
100930 1
101008 2
101011 2
101012 1
101013 2
101014 2
101015 1
101018 2
101019 2
101020 1
101021 2
101022 2
101025 2
101026 1
101027 1
101028 1
101029 1
101101 2
101102 1
101103 2
101104 2
101105 2
101108 1
101109 1
101110 1
101111 1
101112 1
101115 1
101116 1
101117 2
101118 1
101119 2
101122 2
101123 1
101124 2
101125 1
101126 2
101129 2
101130 2
101201 2
101202 2
101203 1
101206 1
101207 2
101208 1
101209 2
101210 2
101213 2
101214 2
101215 1
101216 2
101217 2
101220 2
101221 1
101222 1
101223 1
101224 2
101227 1
101228 2
101229 1
101230 1
101231 2
110104 2
110105 2
110106 2
110107 1
110110 1
110111 2
110112 2
110113 2
110114 2
110117 2
110118 2
110119 2
110120 1
110121 2
110124 2
110125 1
110126 1
110127 1
110128 2
110131 2
110201 2
110209 2
110210 1
110211 2
110214 2
110215 2
110216 2
110217 2
110218 1
110221 2
110222 2
110223 1
110224 1
110225 1
110228 1
110301 2
110302 1
110303 1
110304 1
110307 2
110308 1
110309 1
110310 1
110311 1
110314 2
110315 2
110316 1
110317 1
110318 1
110321 1
110322 1
110323 2
110324 2
110325 1
110328 1
110329 2
110330 1
110331 2
110401 1
110406 1
110407 2
110408 2
110411 1
110412 2
110413 1
110414 2
110415 1
110418 1
110419 1
110420 2
110421 2
110422 1
110425 1
110426 1
110427 1
110428 1
110429 1
110503 2
110504 1
110505 1
110506 1
110509 1
110510 2
110511 2
110512 1
110513 2
110516 2
110517 1
110518 2
110519 1
110520 2
110523 1
110524 2
110525 1
110526 2
110527 2
110530 2
110531 1
110601 1
110602 1
110603 2
110607 2
110608 1
110609 1
110610 1
110613 2
110614 1
110615 1
110616 1
110617 2
110620 1
110621 2
110622 2
110623 1
110624 2
110627 2
110628 1
110629 1
110630 1
110701 1
110704 2
110705 1
110706 2
110707 1
110708 2
110711 1
110712 1
110713 2
110714 1
110715 2
110718 1
110719 1
110720 2
110721 1
110722 2
110725 1
110726 2
110727 2
110728 1
110729 2
110801 1
110802 1
110803 2
110804 1
110805 1
110808 1
110809 2
110810 2
110811 1
110812 1
110815 2
110816 1
110817 1
110818 2
110819 2
110822 2
110823 1
110824 2
110825 2
110826 1
110829 2
110830 1
110831 1
110901 1
110902 1
110905 2
110906 2
110907 2
110908 1
110909 1
110913 1
110914 1
110915 1
110916 2
110919 1
110920 2
110921 1
110922 2
110923 1
110926 1
110927 2
110928 1
110929 1
110930 2
111010 2
111011 1
111012 1
111013 1
111014 2
111017 2
111018 1
111019 2
111020 1
111021 1
111024 1
111025 1
111026 2
111027 2
111028 1
111031 2
111101 2
111102 2
111103 2
111104 2
111107 2
111108 2
111109 1
111110 1
111111 1
111114 1
111115 1
111116 2
111117 2
111118 1
111121 1
111122 1
111123 1
111124 2
111125 2
111128 2
111129 2
111130 1
111201 2
111202 2
111205 2
111206 1
111207 2
111208 1
111209 1
111212 1
111213 2
111214 2
111215 2
111216 2
111219 1
111220 1
111221 1
111222 1
111223 2
111226 1
111227 2
111228 2
111229 1
111230 2
120104 2
120105 1
120106 2
120109 1
120110 2
120111 1
120112 2
120113 2
120116 1
120117 2
120118 2
120119 1
120120 1
120130 1
120131 1
120201 2
120202 2
120203 2
120206 2
120207 2
120208 2
120209 1
120210 1
120213 1
120214 2
120215 1
120216 1
120217 2
120220 1
120221 1
120222 1
120223 1
120224 2
120227 2
120228 1
120229 1
120301 1
120302 2
120305 1
120306 1
120307 2
120308 1
120309 2
120312 1
120313 1
120314 1
120315 2
120316 2
120319 1
120320 1
120321 1
120322 1
120323 2
120326 1
120327 2
120328 1
120329 1
120330 2
120405 2
120406 1
120409 2
120410 1
120411 1
120412 2
120413 1
120416 1
120417 1
120418 2
120419 2
120420 2
120423 2
120424 1
120425 2
120426 2
120427 1
120502 2
120503 1
120504 2
120507 2
120508 2
120509 2
120510 2
120511 1
120514 2
120515 1
120516 1
120517 2
120518 2
120521 1
120522 1
120523 1
120524 2
120525 1
120528 1
120529 2
120530 1
120531 2
120601 2
120604 2
120605 2
120606 1
120607 1
120608 1
120611 1
120612 1
120613 2
120614 1
120615 2
120618 2
120619 2
120620 1
120621 2
120625 2
120626 1
120627 1
120628 2
120629 2
120702 2
120703 1
120704 2
120705 1
120706 2
120709 2
120710 1
120711 2
120712 1
120713 2
120716 1
120717 2
120718 2
120719 1
120720 1
120723 1
120724 1
120725 1
120726 1
120727 2
120730 1
120731 2
120801 2
120802 2
120803 2
120806 1
120807 1
120808 2
120809 2
120810 1
120813 2
120814 2
120815 1
120816 1
120817 2
120820 2
120821 2
120822 2
120823 1
120824 1
120827 2
120828 1
120829 2
120830 1
120831 2
120903 2
120904 2
120905 1
120906 2
120907 2
120910 2
120911 1
120912 2
120913 1
120914 2
120917 1
120918 2
120919 1
120920 1
120921 2
120924 1
120925 2
120926 2
120927 2
120928 2
121008 2
121009 1
121010 2
121011 2
121012 2
121015 1
121016 2
121017 1
121018 2
121019 1
121022 2
121023 1
121024 2
121025 1
121026 1
121029 1
121030 2
121031 2
121101 2
121102 2
121105 2
121106 2
121107 1
121108 2
121109 1
121112 1
121113 1
121114 1
121115 2
121116 1
121119 2
121120 1
121121 2
121122 2
121123 2
121126 1
121127 1
121128 2
121129 2
121130 2
121203 1
121204 2
121205 2
121206 2
121207 2
121210 2
121211 2
121212 2
121213 1
121214 2
121217 1
121218 2
121219 1
121220 1
121221 1
121224 2
121225 2
121226 1
121227 1
121228 1
121231 2
130104 1
130107 1
130108 2
130109 1
130110 2
130111 1
130114 2
130115 1
130116 1
130117 1
130118 2
130121 1
130122 2
130123 1
130124 1
130125 2
130128 1
130129 1
130130 1
130131 1
130201 2
130204 1
130205 1
130206 2
130207 1
130208 1
130218 1
130219 1
130220 1
130221 1
130222 2
130225 2
130226 1
130227 1
130228 1
130301 1
130304 1
130305 1
130306 2
130307 1
130308 1
130311 1
130312 1
130313 2
130314 1
130315 2
130318 1
130319 1
130320 2
130321 1
130322 2
130325 2
130326 2
130327 2
130328 1
130329 2
130401 1
130402 2
130403 1
130408 2
130409 2
130410 2
130411 1
130412 1
130415 1
130416 2
130417 2
130418 1
130419 2
130422 1
130423 2
130424 2
130425 2
130426 1
130502 2
130503 2
130506 2
130507 1
130508 2
130509 2
130510 2
130513 1
130514 1
130515 1
130516 1
130517 2
130520 1
130521 2
130522 2
130523 1
130524 2
130527 1
130528 1
130529 2
130530 1
130531 2
130603 2
130604 2
130605 2
130606 1
130607 2
130613 2
130614 2
130617 1
130618 1
130619 1
130620 1
130621 1
130624 1
130625 2
130626 1
130627 1
130628 2
130701 1
130702 2
130703 2
130704 2
130705 2
130708 1
130709 2
130710 2
130711 2
130712 1
130715 1
130716 1
130717 1
130718 2
130719 1
130722 1
130723 2
130724 2
130725 2
130726 2
130729 2
130730 1
130731 2
130801 1
130802 2
130805 2
130806 2
130807 1
130808 2
130809 1
130812 2
130813 2
130814 1
130815 2
130816 1
130819 1
130820 2
130821 2
130822 1
130823 1
130826 1
130827 2
130828 1
130829 1
130830 2
130902 1
130903 2
130904 1
130905 2
130906 1
130909 2
130910 1
130911 2
130912 2
130913 1
130916 1
130917 1
130918 2
130923 1
130924 2
130925 2
130926 2
130927 1
130930 1
131008 2
131009 2
131010 2
131011 1
131014 2
131015 1
131016 2
131017 1
131018 2
131021 2
131022 2
131023 1
131024 2
131025 1
131028 2
131029 2
131030 2
131031 1
131101 2
131104 1
131105 1
131106 2
131107 2
131108 1
131111 2
131112 2
131113 2
131114 2
131115 1
131118 1
131119 2
131120 1
131121 1
131122 2
131125 2
131126 2
131127 2
131128 2
131129 2
131202 2
131203 1
131204 1
131205 2
131206 2
131209 1
131210 1
131211 2
131212 2
131213 2
131216 1
131217 2
131218 2
131219 2
131220 2
131223 1
131224 1
131225 2
131226 2
131227 2
131230 2
131231 1
140102 2
140103 1
140106 1
140107 1
140108 2
140109 2
140110 2
140113 1
140114 2
140115 2
140116 1
140117 2
140120 1
140121 1
140122 2
140123 2
140124 2
140127 2
140128 2
140129 2
140130 1
140207 2
140210 1
140211 1
140212 2
140213 2
140214 2
140217 2
140218 1
140219 2
140220 1
140221 1
140224 2
140225 2
140226 1
140227 1
140228 1
140303 1
140304 2
140305 2
140306 1
140307 2
140310 2
140311 2
140312 1
140313 1
140314 2
140317 2
140318 2
140319 2
140320 1
140321 2
140324 2
140325 1
140326 2
140327 1
140328 2
140331 1
140401 1
140402 2
140403 1
140404 2
140408 1
140409 2
140410 2
140411 1
140414 1
140415 1
140416 1
140417 1
140418 2
140421 2
140422 2
140423 1
140424 1
140425 1
140428 1
140429 1
140430 1
140505 2
140506 1
140507 2
140508 1
140509 1
140512 1
140513 2
140514 1
140515 1
140516 2
140519 2
140520 1
140521 2
140522 1
140523 1
140526 1
140527 1
140528 1
140529 2
140530 1
140603 2
140604 1
140605 1
140606 1
140609 2
140610 2
140611 2
140612 1
140613 2
140616 2
140617 1
140618 2
140619 2
140620 2
140623 1
140624 1
140625 2
140626 1
140627 2
140630 1
140701 1
140702 1
140703 2
140704 2
140707 1
140708 2
140709 1
140710 1
140711 1
140714 1
140715 1
140716 2
140717 1
140718 2
140721 1
140722 2
140723 2
140724 1
140725 2
140728 2
140729 2
140730 1
140731 1
140801 2
140804 1
140805 2
140806 2
140807 2
140808 1
140811 1
140812 2
140813 2
140814 2
140815 2
140818 2
140819 2
140820 1
140821 1
140822 1
140825 1
140826 2
140827 2
140828 1
140829 2
140901 2
140902 1
140903 2
140904 2
140905 2
140909 1
140910 2
140911 1
140912 1
140915 2
140916 2
140917 2
140918 1
140919 2
140922 1
140923 2
140924 2
140925 1
140926 1
140929 1
140930 2
141008 1
141009 2
141010 2
141013 1
141014 1
141015 1
141016 2
141017 1
141020 1
141021 1
141022 2
141023 1
141024 2
141027 2
141028 1
141029 1
141030 2
141031 2
141103 2
141104 1
141105 2
141106 1
141107 1
141110 1
141111 1
141112 1
141113 2
141114 1
141117 1
141118 2
141119 2
141120 2
141121 1
141124 1
141125 1
141126 1
141127 2
141128 2
141201 1
141202 2
141203 1
141204 2
141205 1
141208 1
141209 1
141210 1
141211 1
141212 1
141215 1
141216 1
141217 2
141218 1
141219 1
141222 2
141223 2
141224 2
141225 2
141226 2
141229 1
141230 2
141231 2
150105 2
150106 2
150107 2
150108 1
150109 1
150112 2
150113 2
150114 1
150115 2
150116 1
150119 2
150120 2
150121 1
150122 2
150123 1
150126 2
150127 1
150128 1
150129 2
150130 2
150202 1
150203 1
150204 1
150205 1
150206 1
150209 2
150210 2
150211 2
150212 1
150213 2
150216 1
150217 2
150225 2
150226 1
150227 1
150302 1
150303 2
150304 2
150305 2
150306 1
150309 1
150310 2
150311 2
150312 1
150313 2
150316 1
150317 2
150318 1
150319 2
150320 1
150323 1
150324 2
150325 1
150326 1
150327 1
150330 1
150331 2
150401 1
150402 2
150403 2
150407 1
150408 1
150409 1
150410 2
150413 1
150414 2
150415 1
150416 2
150417 2
150420 1
150421 2
150422 1
150423 1
150424 1
150427 1
150428 2
150429 1
150430 1
150504 2
150505 2
150506 2
150507 2
150508 1
150511 2
150512 2
150513 2
150514 1
150515 1
150518 2
150519 2
150520 1
150521 2
150522 1
150525 2
150526 1
150527 2
150528 2
150529 2
150601 1
150602 2
150603 1
150604 1
150605 2
150608 1
150609 1
150610 2
150611 2
150612 1
150615 1
150616 2
150617 1
150618 1
150619 2
150623 1
150624 2
150625 2
150626 2
150629 2
150630 1
150701 2
150702 2
150703 1
150706 2
150707 2
150708 2
150709 2
150710 2
150713 1
150714 2
150715 1
150716 2
150717 2
150720 1
150721 1
150722 1
150723 2
150724 2
150727 1
150728 1
150729 2
150730 2
150731 1
150803 1
150804 1
150805 2
150806 2
150807 2
150810 1
150811 1
150812 2
150813 1
150814 1
150817 1
150818 1
150819 2
150820 1
150821 2
150824 1
150825 1
150826 2
150827 2
150828 2
150831 2
150901 1
150902 2
150907 2
150908 1
150909 1
150910 1
150911 1
150914 1
150915 2
150916 1
150917 2
150918 2
150921 1
150922 1
150923 2
150924 2
150925 2
150928 1
150929 1
150930 2
151008 1
151009 1
151012 2
151013 2
151014 1
151015 2
151016 2
151019 1
151020 1
151021 1
151022 2
151023 2
151026 1
151027 2
151028 2
151029 2
151030 1
151102 2
151103 1
151104 1
151105 2
151106 1
151109 2
151110 2
151111 2
151112 2
151113 1
151116 1
151117 2
151118 1
151119 2
151120 1
151123 1
151124 1
151125 2
151126 2
151127 1
151130 2
151201 2
151202 1
151203 2
151204 2
151207 1
151208 1
151209 2
151210 2
151211 1
151214 2
151215 1
151216 2
151217 2
151218 2
151221 1
151222 1
151223 1
151224 1
151225 2
151228 1
151229 1
151230 2
151231 1
160104 1
160105 1
160106 1
160107 1
160108 1
160111 2
160112 1
160113 1
160114 2
160115 2
160118 2
160119 2
160120 2
160121 1
160122 2
160125 2
160126 2
160127 1
160128 2
160129 2
160201 2
160202 1
160203 2
160204 1
160205 1
160215 2
160216 2
160217 1
160218 2
160219 1
160222 2
160223 2
160224 1
160225 2
160226 1
160229 2
160301 2
160302 2
160303 1
160304 2
160307 2
160308 1
160309 1
160310 1
160311 1
160314 1
160315 1
160316 2
160317 1
160318 2
160321 2
160322 1
160323 2
160324 1
160325 1
160328 1
160329 2
160330 1
160331 1
160401 2
160405 2
160406 2
160407 2
160408 1
160411 1
160412 1
160413 2
160414 1
160415 1
160418 1
160419 2
160420 1
160421 2
160422 1
160425 1
160426 1
160427 1
160428 1
160429 1
160503 2
160504 1
160505 2
160506 2
160509 2
160510 2
160511 2
160512 1
160513 2
160516 2
160517 2
160518 2
160519 1
160520 2
160523 1
160524 1
160525 2
160526 2
160527 2
160530 1
160531 2
160601 1
160602 2
160603 2
160606 2
160607 2
160608 2
160613 2
160614 1
160615 2
160616 1
160617 1
160620 1
160621 1
160622 1
160623 1
160624 2
160627 2
160628 2
160629 2
160630 2
160701 2
160704 2
160705 2
160706 1
160707 2
160708 1
160711 2
160712 2
160713 2
160714 1
160715 1
160718 2
160719 2
160720 2
160721 1
160722 2
160725 2
160726 1
160727 1
160728 2
160729 2
160801 1
160802 1
160803 1
160804 2
160805 1
160808 2
160809 1
160810 1
160811 2
160812 1
160815 1
160816 1
160817 2
160818 1
160819 1
160822 2
160823 1
160824 1
160825 2
160826 1
160829 1
160830 2
160831 1
160901 1
160902 2
160905 1
160906 2
160907 1
160908 2
160909 2
160912 2
160913 1
160914 1
160919 1
160920 1
160921 2
160922 1
160923 1
160926 2
160927 1
160928 1
160929 2
160930 2
161010 1
161011 2
161012 2
161013 2
161014 1
161017 1
161018 2
161019 1
161020 1
161021 1
161024 2
161025 2
161026 1
161027 2
161028 2
161031 1
161101 2
161102 2
161103 1
161104 1
161107 1
161108 2
161109 2
161110 1
161111 1
161114 1
161115 2
161116 2
161117 2
161118 2
161121 1
161122 1
161123 2
161124 2
161125 1
161128 2
161129 2
161130 1
161201 2
161202 2
161205 1
161206 1
161207 2
161208 2
161209 2
161212 1
161213 1
161214 2
161215 1
161216 1
161219 2
161220 2
161221 1
161222 1
161223 2
161226 1
161227 1
161228 1
161229 1
161230 2
170103 2
170104 2
170105 1
170106 1
170109 2
170110 1
170111 2
170112 1
170113 1
170116 2
170117 2
170118 2
170119 2
170120 1
170123 2
170124 1
170125 2
170126 2
170203 2
170206 2
170207 1
170208 2
170209 2
170210 1
170213 2
170214 1
170215 1
170216 1
170217 2
170220 1
170221 1
170222 1
170223 2
170224 1
170227 2
170228 2
170301 2
170302 2
170303 2
170306 1
170307 1
170308 2
170309 2
170310 1
170313 2
170314 2
170315 2
170316 1
170317 1
170320 1
170321 1
170322 1
170323 1
170324 1
170327 1
170328 1
170329 2
170330 1
170331 2
170405 2
170406 1
170407 2
170410 2
170411 1
170412 2
170413 2
170414 1
170417 2
170418 1
170419 1
170420 2
170421 2
170424 1
170425 1
170426 2
170427 1
170428 1
170502 2
170503 2
170504 1
170505 2
170508 1
170509 1
170510 2
170511 2
170512 1
170515 2
170516 2
170517 1
170518 1
170519 2
170522 2
170523 1
170524 1
170525 1
170526 2
170531 1
170601 2
170602 1
170605 1
170606 2
170607 2
170608 1
170609 2
170612 2
170613 2
170614 1
170615 2
170616 1
170619 1
170620 1
170621 2
170622 2
170623 2
170626 2
170627 1
170628 1
170629 2
170630 1
170703 2
170704 1
170705 2
170706 1
170707 2
170710 2
170711 2
170712 1
170713 2
170714 2
170717 2
170718 2
170719 1
170720 1
170721 1
170724 1
170725 2
170726 2
170727 1
170728 2
170731 2
170801 2
170802 1
170803 2
170804 1
170807 2
170808 2
170809 2
170810 1
170811 1
170814 1
170815 1
170816 1
170817 1
170818 2
170821 1
