111012 1
111013 1
111014 1
111017 2
111018 1
111019 2
111020 1
111021 1
111024 2
111025 2
111026 1
111027 2
111028 1
111031 2
111101 1
111102 2
111103 1
111104 2
111107 2
111108 2
111109 1
111110 2
111111 2
111114 2
111115 1
111116 2
111117 1
111118 1
111121 2
111122 1
111123 1
111124 1
111125 2
111128 1
111129 1
111130 2
111201 1
111202 1
111205 1
111206 1
111207 2
111208 2
111209 1
111212 2
111213 1
111214 1
111215 2
111216 2
111219 2
111220 1
111221 1
111222 1
111223 1
111226 2
111227 2
111228 2
111229 2
111230 1
120104 1
120105 2
120106 1
120109 2
120110 1
120111 2
120112 1
120113 2
120116 2
120117 2
120118 1
120119 2
120120 2
120130 1
120131 2
120201 1
120202 2
120203 1
120206 2
120207 2
120208 1
120209 1
120210 1
120213 1
120214 1
120215 2
120216 2
120217 2
120220 1
120221 2
120222 3
120223 3
120224 1
120227 2
120228 3
120229 3
120301 3
120302 1
120305 1
120306 3
120307 3
120308 3
120309 1
120312 3
120313 3
120314 2
120315 2
120316 2
120319 2
120320 2
120321 1
120322 2
120323 2
120326 3
120327 3
120328 3
120329 3
120330 3
120405 3
120406 3
120409 3
120410 3
120411 1
120412 2
120413 1
120416 2
120417 3
120418 2
120419 2
120420 2
120423 1
120424 2
120425 1
120426 2
120427 1
120502 1
120503 2
120504 2
120507 2
120508 2
120509 2
120510 2
120511 1
120514 2
120515 1
120516 2
120517 1
120518 1
120521 1
120522 1
120523 2
120524 1
120525 1
120528 1
120529 2
120530 1
120531 1
120601 1
120604 1
120605 1
120606 1
120607 2
120608 1
120611 1
120612 1
120613 1
120614 1
120615 1
120618 2
120619 1
120620 1
120621 1
120625 2
120626 1
120627 2
120628 1
120629 1
120702 2
120703 2
120704 2
120705 2
120706 1
120709 1
120710 2
120711 2
120712 2
120713 2
120716 2
120717 1
120718 1
120719 1
120720 1
120723 1
120724 1
120725 1
120726 1
120727 2
120730 1
120731 2
120801 2
120802 1
120803 2
120806 2
120807 2
120808 1
120809 2
120810 2
120813 2
120814 2
120815 2
120816 1
120817 2
120820 2
120821 2
120822 1
120823 2
120824 2
120827 1
120828 2
120829 2
120830 1
120831 2
120903 2
120904 1
120905 2
120906 2
120907 2
120910 2
120911 1
120912 2
120913 1
120914 2
120917 1
120918 1
120919 1
120920 2
120921 1
120924 1
120925 1
120926 2
120927 2
120928 1
121008 1
121009 1
121010 2
121011 2
121012 1
121015 2
121016 1
121017 1
121018 1
121019 1
121022 1
121023 2
121024 2
121025 1
121026 1
121029 1
121030 2
121031 1
121101 2
121102 1
121105 2
121106 2
121107 2
121108 2
121109 2
121112 1
121113 2
121114 1
121115 1
121116 2
121119 1
121120 1
121121 1
121122 1
121123 1
121126 2
121127 2
121128 1
121129 2
121130 1
121203 1
121204 1
121205 2
121206 1
121207 1
121210 1
121211 1
121212 2
121213 1
121214 1
121217 2
121218 1
121219 2
121220 1
121221 1
121224 1
121225 1
121226 2
121227 1
121228 2
121231 1
130104 1
130107 2
130108 2
130109 2
130110 1
130111 2
130114 1
130115 2
130116 1
130117 1
130118 1
130121 2
130122 1
130123 1
130124 2
130125 2
130128 2
130129 1
130130 2
130131 1
130201 1
130204 2
130205 2
130206 1
130207 2
130208 2
130218 2
130219 2
130220 2
130221 2
130222 2
130225 1
130226 2
130227 1
130228 1
130301 1
130304 2
130305 2
130306 2
130307 2
130308 2
130311 2
130312 1
130313 2
130314 1
130315 1
130318 1
130319 2
130320 2
130321 2
130322 2
130325 2
130326 2
130327 1
130328 2
130329 1
130401 1
130402 1
130403 2
130408 1
130409 2
130410 2
130411 1
130412 2
130415 1
130416 2
130417 2
130418 2
130419 2
130422 1
130423 1
130424 2
130425 1
130426 2
130502 1
130503 2
130506 1
130507 1
130508 1
130509 1
130510 1
130513 1
130514 2
130515 2
130516 2
130517 1
130520 2
130521 1
130522 2
130523 1
130524 2
130527 2
130528 2
130529 2
130530 2
130531 1
130603 1
130604 2
130605 1
130606 2
130607 1
130613 1
130614 2
130617 1
130618 2
130619 2
130620 2
130621 1
130624 1
130625 2
130626 1
130627 1
130628 2
130701 1
130702 2
130703 1
130704 1
130705 2
130708 1
130709 1
130710 1
130711 1
130712 2
130715 2
130716 2
130717 2
130718 2
130719 2
130722 1
130723 1
130724 1
130725 1
130726 1
130729 2
130730 2
130731 2
130801 2
130802 2
130805 2
130806 1
130807 1
130808 1
130809 2
130812 2
130813 2
130814 1
130815 1
130816 1
130819 2
130820 1
130821 2
130822 1
130823 2
130826 2
130827 2
130828 1
130829 1
130830 1
130902 2
130903 1
130904 2
130905 1
130906 1
130909 1
130910 1
130911 2
130912 1
130913 2
130916 1
130917 2
130918 2
130923 2
130924 1
130925 2
130926 2
130927 1
130930 1
131008 2
131009 2
131010 1
131011 2
131014 2
131015 2
131016 1
131017 1
131018 2
131021 2
131022 2
131023 2
131024 2
131025 1
131028 1
131029 1
131030 2
131031 1
131101 1
131104 1
131105 2
131106 1
131107 1
131108 2
131111 1
131112 1
131113 2
131114 1
131115 2
131118 2
131119 2
131120 2
131121 2
131122 1
131125 1
131126 2
131127 1
131128 2
131129 1
131202 2
131203 2
131204 1
131205 2
131206 1
131209 1
131210 1
131211 1
131212 1
131213 1
131216 2
131217 2
131218 2
131219 2
131220 1
131223 2
131224 2
131225 2
131226 2
131227 2
131230 2
131231 1
140102 2
140103 2
140106 1
140107 2
140108 1
140109 1
140110 1
140113 1
140114 1
140115 2
140116 1
140117 1
140120 2
140121 2
140122 2
140123 2
140124 2
140127 2
140128 1
140129 1
140130 2
140207 1
140210 2
140211 2
140212 1
140213 1
140214 1
140217 2
140218 2
140219 2
140220 1
140221 1
140224 1
140225 1
140226 2
140227 1
140228 1
140303 1
140304 2
140305 1
140306 2
140307 2
140310 1
140311 1
140312 1
140313 1
140314 2
140317 1
140318 2
140319 2
140320 1
140321 2
140324 2
140325 1
140326 2
140327 2
140328 1
140331 2
140401 2
140402 2
140403 1
140404 2
140408 2
140409 1
140410 1
140411 1
140414 1
140415 1
140416 2
140417 1
140418 1
140421 2
140422 2
140423 1
140424 2
140425 1
140428 1
140429 2
140430 1
140505 2
140506 2
140507 2
140508 2
140509 1
140512 1
140513 2
140514 1
140515 1
140516 1
140519 1
140520 1
140521 2
140522 1
140523 2
140526 2
140527 1
140528 1
140529 1
140530 1
140603 1
140604 2
140605 2
140606 2
140609 1
140610 2
140611 2
140612 1
140613 2
140616 2
140617 1
140618 2
140619 2
140620 2
140623 1
140624 1
140625 1
140626 2
140627 1
140630 2
140701 1
140702 1
140703 2
140704 2
140707 1
140708 1
140709 2
140710 2
140711 1
140714 2
140715 2
140716 1
140717 1
140718 2
140721 2
140722 2
140723 2
140724 1
140725 2
140728 2
140729 2
140730 1
140731 1
140801 1
140804 2
140805 1
140806 2
140807 2
140808 1
140811 2
140812 1
140813 2
140814 2
140815 1
140818 2
140819 1
140820 1
140821 1
140822 2
140825 2
140826 2
140827 2
140828 1
140829 1
140901 1
140902 2
140903 1
140904 2
140905 2
140909 2
140910 2
140911 2
140912 1
140915 2
140916 2
140917 2
140918 1
140919 1
140922 1
140923 1
140924 1
140925 1
140926 1
140929 1
140930 2
141008 2
141009 1
141010 1
141013 2
141014 2
141015 1
141016 2
141017 1
141020 1
141021 2
141022 2
141023 1
141024 1
141027 2
141028 1
141029 1
141030 2
141031 2
141103 2
141104 1
141105 1
141106 2
141107 2
141110 1
141111 2
141112 2
141113 1
141114 1
141117 1
141118 1
141119 2
141120 1
141121 1
141124 2
141125 2
141126 1
141127 2
141128 1
141201 1
141202 1
141203 1
141204 1
141205 1
141208 2
141209 1
141210 1
141211 2
141212 2
141215 1
141216 2
141217 1
141218 1
141219 1
141222 1
141223 1
141224 2
141225 2
141226 1
141229 2
141230 1
141231 1
150105 1
150106 1
150107 2
150108 1
150109 2
150112 2
150113 2
150114 1
150115 2
150116 1
150119 1
150120 1
150121 2
150122 1
150123 2
150126 1
150127 1
150128 2
150129 2
150130 1
150202 2
150203 1
150204 2
150205 2
150206 1
150209 2
150210 2
150211 1
150212 1
150213 1
150216 2
150217 1
150225 1
150226 1
150227 1
150302 1
150303 2
150304 2
150305 2
150306 1
150309 1
150310 1
150311 2
150312 2
150313 2
150316 2
150317 1
150318 1
150319 1
150320 2
150323 1
150324 2
150325 2
150326 2
150327 1
150330 2
150331 2
150401 2
150402 2
150403 2
150407 1
150408 2
150409 2
150410 1
150413 2
150414 2
150415 2
150416 1
150417 2
150420 2
150421 1
150422 1
150423 2
150424 1
150427 2
150428 2
150429 1
150430 2
150504 1
150505 2
150506 1
150507 2
150508 1
150511 1
150512 1
150513 1
150514 2
150515 2
150518 2
150519 1
150520 2
150521 1
150522 1
150525 2
150526 1
150527 1
150528 1
150529 1
150601 1
150602 2
150603 1
150604 1
150605 1
150608 1
150609 1
150610 1
150611 2
150612 1
150615 1
150616 1
150617 2
150618 1
150619 2
150623 1
150624 2
150625 1
150626 2
150629 2
150630 1
150701 1
150702 2
150703 2
150706 1
150707 2
150708 1
150709 1
150710 1
150713 2
150714 1
150715 2
150716 1
150717 1
150720 1
150721 2
150722 1
150723 1
150724 2
150727 2
150728 1
150729 2
150730 2
150731 1
150803 1
150804 1
150805 1
150806 2
150807 2
150810 1
150811 2
150812 1
150813 2
150814 2
150817 2
150818 2
150819 1
150820 2
150821 1
150824 1
150825 2
150826 1
150827 1
150828 2
150831 2
150901 2
150902 1
150907 2
150908 2
150909 2
150910 1
150911 2
150914 1
150915 2
150916 2
150917 1
150918 2
150921 2
150922 1
150923 2
150924 2
150925 2
150928 1
150929 1
150930 1
151008 1
151009 2
151012 1
151013 2
151014 1
151015 1
151016 2
151019 2
151020 2
151021 1
151022 1
151023 2
151026 2
151027 2
151028 1
151029 2
151030 2
151102 1
151103 2
151104 2
151105 2
151106 2
151109 1
151110 2
151111 1
151112 1
151113 1
151116 2
151117 1
151118 2
151119 1
151120 2
151123 1
151124 1
151125 2
151126 2
151127 2
151130 1
151201 1
151202 2
151203 2
151204 1
151207 2
151208 1
151209 2
151210 1
151211 2
151214 2
151215 2
151216 2
151217 1
151218 1
151221 2
151222 1
151223 2
151224 2
151225 2
151228 2
151229 2
151230 2
151231 1
160104 2
160105 1
160106 2
160107 2
160108 2
160111 2
160112 2
160113 2
160114 1
160115 2
160118 2
160119 2
160120 1
160121 2
160122 2
160125 2
160126 2
160127 1
160128 1
160129 1
160201 2
160202 1
160203 1
160204 2
160205 1
160215 2
160216 2
160217 2
160218 2
160219 2
160222 2
160223 1
160224 2
160225 1
160226 2
160229 2
160301 1
160302 1
160303 1
160304 1
160307 1
160308 2
160309 2
160310 2
160311 1
160314 2
160315 1
160316 1
160317 2
160318 2
160321 2
160322 1
160323 2
160324 1
160325 1
160328 1
160329 1
160330 1
160331 1
160401 1
160405 2
160406 1
160407 1
160408 2
160411 2
160412 1
160413 2
160414 1
160415 2
160418 1
160419 1
160420 1
160421 2
160422 1
160425 1
160426 1
160427 2
160428 1
160429 1
160503 1
160504 2
160505 2
160506 2
160509 2
160510 2
160511 1
160512 2
160513 2
160516 2
160517 1
160518 2
160519 2
160520 2
160523 2
160524 2
160525 2
160526 2
160527 2
160530 1
160531 1
160601 1
160602 2
160603 1
160606 1
160607 2
160608 2
160613 2
160614 2
160615 2
160616 2
160617 1
160620 2
160621 2
160622 1
160623 1
160624 1
160627 2
160628 1
160629 1
160630 2
160701 2
160704 2
160705 2
160706 2
160707 2
160708 1
160711 1
160712 1
160713 2
160714 2
160715 2
160718 1
160719 1
160720 1
160721 1
160722 2
160725 1
160726 1
160727 1
160728 1
160729 1
160801 1
160802 2
160803 2
160804 2
160805 2
160808 1
160809 1
160810 2
160811 2
160812 2
160815 1
160816 1
160817 2
160818 2
160819 2
160822 1
160823 2
160824 2
160825 1
160826 1
160829 2
160830 1
160831 2
160901 1
160902 2
160905 1
160906 1
160907 2
160908 1
160909 2
160912 2
160913 1
160914 1
160919 2
160920 1
160921 2
160922 2
160923 2
160926 2
160927 2
160928 2
160929 1
160930 1
161010 1
161011 1
161012 1
161013 1
161014 2
161017 1
161018 1
161019 2
161020 2
161021 2
161024 2
161025 1
161026 2
161027 1
161028 1
161031 1
161101 1
161102 2
161103 1
161104 1
161107 2
161108 2
161109 2
161110 2
161111 1
161114 2
161115 2
161116 1
161117 1
161118 1
161121 2
161122 1
161123 2
161124 1
161125 1
161128 1
161129 1
161130 1
161201 2
161202 2
161205 2
161206 1
161207 2
161208 1
161209 1
161212 1
161213 2
161214 2
161215 1
161216 1
161219 1
161220 1
161221 2
161222 1
161223 1
161226 2
161227 2
161228 2
161229 2
161230 1
170103 2
170104 2
170105 1
170106 2
170109 2
170110 2
170111 2
170112 2
170113 2
170116 2
170117 1
170118 1
170119 1
170120 1
170123 2
170124 2
170125 2
170126 2
170203 2
170206 1
170207 2
170208 1
170209 2
170210 2
170213 1
170214 2
170215 2
170216 1
170217 1
170220 2
170221 1
170222 1
170223 1
170224 2
170227 1
170228 1
170301 2
170302 2
170303 2
170306 1
170307 1
170308 2
170309 1
170310 1
170313 2
170314 1
170315 1
170316 2
170317 2
170320 2
170321 2
170322 1
170323 1
170324 2
170327 1
170328 2
170329 1
170330 2
170331 2
170405 2
170406 2
170407 2
170410 1
170411 1
170412 2
170413 2
170414 2
170417 2
170418 2
170419 1
170420 1
170421 1
170424 1
170425 1
170426 1
170427 1
170428 2
170502 1
170503 2
170504 2
170505 1
170508 2
170509 1
170510 1
170511 2
170512 2
170515 1
170516 1
170517 2
170518 1
170519 1
170522 2
170523 1
170524 1
170525 1
170526 2
170531 2
170601 1
170602 1
170605 2
170606 2
170607 1
170608 2
170609 1
170612 2
170613 1
170614 2
170615 2
170616 2
170619 2
170620 2
170621 1
170622 2
170623 2
170626 1
170627 2
170628 2
170629 2
170630 1
170703 1
170704 2
170705 2
170706 1
170707 2
170710 1
170711 1
170712 1
170713 2
170714 2
170717 1
170718 1
170719 2
170720 1
170721 1
170724 2
170725 1
170726 2
170727 2
170728 2
170731 2
170801 1
170802 1
170803 2
170804 2
170807 2
170808 1
170809 1
170810 1
170811 2
170814 1
170815 2
170816 2
170817 2
170818 1
170821 1
