140415 2
140416 1
140417 2
140418 2
140421 2
140422 2
140423 1
140424 2
140425 2
140428 2
140429 2
140430 1
140505 1
140506 2
140507 1
140508 2
140509 1
140512 2
140513 2
140514 2
140515 2
140516 2
140519 2
140520 1
140521 2
140522 2
140523 1
140526 2
140527 1
140528 1
140529 2
140530 2
140603 1
140604 1
140605 2
140606 2
140609 1
140610 1
140611 2
140612 2
140613 1
140616 2
140617 1
140618 1
140619 1
140620 1
140623 2
140624 1
140625 1
140626 2
140627 2
140630 1
140701 1
140702 1
140703 1
140704 2
140707 1
140708 2
140709 1
140710 1
140711 1
140714 1
140715 2
140716 1
140717 1
140718 1
140721 1
140722 1
140723 2
140724 1
140725 2
140728 1
140729 2
140730 1
140731 1
140801 1
140804 2
140805 2
140806 2
140807 1
140808 1
140811 2
140812 1
140813 2
140814 1
140815 2
140818 1
140819 2
140820 1
140821 1
140822 2
140825 2
140826 2
140827 1
140828 2
140829 2
140901 1
140902 2
140903 1
140904 1
140905 1
140909 1
140910 2
140911 1
140912 1
140915 1
140916 1
140917 2
140918 1
140919 2
140922 1
140923 2
140924 2
140925 1
140926 2
140929 1
140930 1
141008 2
141009 1
141010 2
141013 2
141014 2
141015 1
141016 1
141017 2
141020 2
141021 2
141022 1
141023 1
141024 2
141027 2
141028 1
141029 2
141030 2
141031 2
141103 1
141104 1
141105 2
141106 1
141107 1
141110 2
141111 1
141112 2
141113 1
141114 1
141117 2
141118 1
141119 2
141120 2
141121 1
141124 1
141125 2
141126 2
141127 2
141128 2
141201 1
141202 2
141203 2
141204 2
141205 1
141208 1
141209 1
141210 2
141211 1
141212 2
141215 2
141216 1
141217 2
141218 2
141219 2
141222 2
141223 2
141224 1
141225 1
141226 2
141229 2
141230 1
141231 1
150105 1
150106 1
150107 1
150108 2
150109 2
150112 1
150113 2
150114 2
150115 1
150116 1
150119 2
150120 1
150121 2
150122 2
150123 2
150126 2
150127 2
150128 1
150129 1
150130 2
150202 2
150203 1
150204 2
150205 2
150206 1
150209 1
150210 1
150211 2
150212 1
150213 1
150216 1
150217 1
150225 1
150226 2
150227 2
150302 2
150303 2
150304 2
150305 2
150306 1
150309 2
150310 2
150311 2
150312 2
150313 2
150316 2
150317 1
150318 1
150319 2
150320 2
150323 2
150324 1
150325 2
150326 2
150327 2
150330 2
150331 2
150401 2
150402 2
150403 2
150407 1
150408 2
150409 1
150410 2
150413 2
150414 2
150415 1
150416 2
150417 2
150420 1
150421 1
150422 1
150423 1
150424 2
150427 1
150428 1
150429 2
150430 2
150504 2
150505 1
150506 1
150507 2
150508 2
150511 2
150512 1
150513 2
150514 2
150515 1
150518 1
150519 2
150520 1
150521 2
150522 1
150525 1
150526 2
150527 1
150528 2
150529 2
150601 2
150602 2
150603 1
150604 1
150605 1
150608 1
150609 2
150610 2
150611 2
150612 2
150615 2
150616 1
150617 1
150618 2
150619 1
150623 1
150624 1
150625 2
150626 2
150629 1
150630 2
150701 1
150702 2
150703 2
150706 2
150707 2
150708 1
150709 1
150710 1
150713 2
150714 2
150715 1
150716 2
150717 1
150720 2
150721 2
150722 2
150723 2
150724 1
150727 1
150728 1
150729 2
150730 2
150731 1
150803 1
150804 1
150805 1
150806 1
150807 2
150810 2
150811 2
150812 1
150813 2
150814 1
150817 1
150818 2
150819 2
150820 2
150821 1
150824 1
150825 1
150826 2
150827 2
150828 2
150831 1
150901 1
150902 2
150907 2
150908 1
150909 2
150910 1
150911 1
150914 2
150915 2
150916 1
150917 1
150918 2
150921 2
150922 1
150923 1
150924 1
150925 2
150928 1
150929 1
150930 2
151008 2
151009 2
151012 1
151013 2
151014 1
151015 2
151016 2
151019 1
151020 2
151021 1
151022 2
151023 2
151026 2
151027 1
151028 2
151029 2
151030 2
151102 1
151103 1
151104 2
151105 2
151106 2
151109 1
151110 1
151111 1
151112 1
151113 1
151116 2
151117 2
151118 1
151119 1
151120 2
151123 1
151124 1
151125 2
151126 2
151127 2
151130 2
151201 2
151202 2
151203 2
151204 2
151207 2
151208 1
151209 2
151210 2
151211 2
151214 2
151215 2
151216 1
151217 1
151218 2
151221 2
151222 2
151223 1
151224 2
151225 1
151228 1
151229 2
151230 2
151231 2
160104 1
160105 2
160106 1
160107 2
160108 2
160111 1
160112 1
160113 2
160114 1
160115 2
160118 2
160119 2
160120 1
160121 2
160122 1
160125 1
160126 2
160127 2
160128 1
160129 1
160201 2
160202 2
160203 1
160204 1
160205 1
160215 2
160216 2
160217 1
160218 2
160219 1
160222 1
160223 1
160224 2
160225 2
160226 2
160229 1
160301 2
160302 1
160303 1
160304 1
160307 1
160308 1
160309 2
160310 2
160311 2
160314 2
160315 2
160316 1
160317 1
160318 1
160321 1
160322 1
160323 2
160324 1
160325 1
160328 1
160329 2
160330 1
160331 1
160401 2
160405 1
160406 1
160407 1
160408 1
160411 2
160412 2
160413 1
160414 2
160415 2
160418 1
160419 1
160420 2
160421 1
160422 1
160425 2
160426 2
160427 2
160428 1
160429 1
160503 2
160504 2
160505 2
160506 1
160509 2
160510 1
160511 1
160512 2
160513 1
160516 1
160517 2
160518 2
160519 2
160520 2
160523 1
160524 1
160525 1
160526 1
160527 2
160530 2
160531 1
160601 2
160602 2
160603 1
160606 1
160607 1
160608 2
160613 1
160614 2
160615 1
160616 2
160617 2
160620 1
160621 1
160622 2
160623 2
160624 1
160627 2
160628 2
160629 2
160630 1
160701 2
160704 2
160705 1
160706 1
160707 2
160708 1
160711 1
160712 1
160713 1
160714 1
160715 1
160718 1
160719 1
160720 1
160721 1
160722 1
160725 1
160726 1
160727 1
160728 1
160729 1
160801 1
160802 1
160803 1
160804 1
160805 1
160808 1
160809 1
160810 2
160811 2
160812 2
160815 1
160816 1
160817 2
160818 1
160819 2
160822 1
160823 2
160824 2
160825 2
160826 2
160829 2
160830 1
160831 2
160901 1
160902 2
160905 1
160906 2
160907 1
160908 2
160909 2
160912 1
160913 1
160914 2
160919 1
160920 1
160921 1
160922 2
160923 1
160926 1
160927 2
160928 2
160929 1
160930 1
161010 1
161011 2
161012 2
161013 2
161014 2
161017 1
161018 1
161019 1
161020 1
161021 1
161024 1
161025 2
161026 1
161027 2
161028 2
161031 1
161101 2
161102 2
161103 1
161104 1
161107 2
161108 1
161109 2
161110 1
161111 1
161114 1
161115 2
161116 2
161117 2
161118 1
161121 1
161122 1
161123 2
161124 1
161125 1
161128 2
161129 1
161130 2
161201 1
161202 2
161205 2
161206 1
161207 2
161208 2
161209 1
161212 1
161213 1
161214 1
161215 1
161216 2
161219 1
161220 1
161221 1
161222 2
161223 1
161226 1
161227 1
161228 2
161229 1
161230 2
170103 2
170104 2
170105 1
170106 2
170109 1
170110 2
170111 1
170112 2
170113 2
170116 2
170117 1
170118 2
170119 1
170120 1
170123 2
170124 1
170125 1
170126 2
170203 1
170206 2
170207 1
170208 1
170209 1
170210 2
170213 2
170214 1
170215 2
170216 1
170217 1
170220 1
170221 2
170222 1
170223 1
170224 1
170227 2
170228 1
170301 2
170302 1
170303 1
170306 2
170307 2
170308 1
170309 1
170310 1
170313 2
170314 2
170315 2
170316 2
170317 2
170320 2
170321 2
170322 2
170323 2
170324 2
170327 2
170328 2
170329 2
170330 1
170331 2
170405 1
170406 2
170407 2
170410 2
170411 2
170412 2
170413 1
170414 2
170417 2
170418 1
170419 2
170420 1
170421 2
170424 2
170425 2
170426 1
170427 1
170428 1
170502 2
170503 2
170504 2
170505 2
170508 1
170509 2
170510 1
170511 2
170512 2
170515 2
170516 2
170517 2
170518 2
170519 2
170522 1
170523 2
170524 2
170525 2
170526 1
170531 2
170601 1
170602 1
170605 2
170606 1
170607 2
170608 2
170609 2
170612 2
170613 1
170614 2
170615 1
170616 2
170619 2
170620 2
170621 1
170622 2
170623 1
170626 1
170627 2
170628 2
170629 2
170630 2
170703 1
170704 1
170705 2
170706 2
170707 2
170710 2
170711 1
170712 1
170713 1
170714 1
170717 1
170718 1
170719 1
170720 2
170721 2
170724 2
170725 2
170726 1
170727 1
170728 2
170731 2
170801 2
170802 2
170803 2
170804 1
170807 2
170808 2
170809 1
170810 1
170811 1
170814 2
170815 2
170816 1
170817 2
170818 1
170821 1
