070419 1
070420 2
070423 1
070424 2
070425 2
070426 1
070427 1
070430 2
070508 1
070509 2
070510 1
070511 1
070514 2
070515 1
070516 2
070517 1
070518 2
070521 2
070522 1
070523 1
070524 1
070525 2
070528 2
070529 1
070530 1
070531 1
070601 1
070604 1
070605 1
070606 1
070607 2
070608 1
070611 1
070612 1
070613 2
070614 1
070615 2
070618 2
070619 1
070620 1
070621 2
070622 1
070625 1
070626 1
070627 2
070628 2
070629 2
070702 2
070703 1
070704 2
070705 1
070706 2
070709 2
070710 1
070711 1
070712 1
070713 2
070716 2
070717 2
070718 2
070719 1
070720 2
070723 2
070724 2
070725 2
070726 1
070727 1
070730 2
070731 1
070801 1
070802 2
070803 1
070806 2
070807 2
070808 1
070809 1
070810 2
070813 2
070814 1
070815 2
070816 1
070817 1
070820 2
070821 2
070822 2
070823 1
070824 2
070827 2
070828 1
070829 2
070830 2
070831 2
070903 1
070904 1
070905 1
070906 1
070907 2
070910 2
070911 2
070912 2
070913 1
070914 1
070917 1
070918 1
070919 1
070920 2
070921 1
070924 2
070925 1
070926 2
070927 1
070928 1
071008 1
071009 2
071010 2
071011 1
071012 1
071015 2
071016 1
071017 1
071018 2
071019 1
071022 1
071023 2
071024 1
071025 1
071026 1
071029 2
071030 2
071031 1
071101 1
071102 1
071105 2
071106 1
071107 1
071108 2
071109 1
071112 2
071113 2
071114 1
071115 2
071116 1
071119 2
071120 1
071121 2
071122 2
071123 1
071126 1
071127 2
071128 1
071129 2
071130 1
071203 2
071204 1
071205 1
071206 1
071207 2
071210 1
071211 2
071212 1
071213 2
071214 2
071217 2
071218 2
071219 1
071220 2
071221 2
071224 2
071225 2
071226 2
071227 1
071228 2
080102 2
080103 1
080104 2
080107 2
080108 2
080109 2
080110 1
080111 2
080114 1
080115 1
080116 1
080117 2
080118 1
080121 1
080122 2
080123 1
080124 2
080125 2
080128 1
080129 2
080130 1
080131 2
080201 1
080204 1
080205 2
080213 2
080214 1
080215 2
080218 2
080219 1
080220 1
080221 2
080222 1
080225 2
080226 1
080227 2
080228 2
080229 1
080303 1
080304 1
080305 1
080306 1
080307 1
080310 1
080311 1
080312 1
080313 1
080314 1
080317 1
080318 3
080319 1
080320 2
080321 1
080324 2
080325 2
080326 1
080327 1
080328 1
080331 2
080401 1
080402 2
080403 1
080407 2
080408 1
080409 2
080410 1
080411 1
080414 2
080415 1
080416 1
080417 2
080418 2
080421 1
080422 1
080423 1
080424 1
080425 1
080428 2
080429 1
080430 2
080505 2
080506 2
080507 1
080508 1
080509 1
080512 1
080513 2
080514 2
080515 1
080516 1
080519 1
080520 2
080521 2
080522 2
080523 1
080526 2
080527 2
080528 2
080529 1
080530 1
080602 1
080603 2
080604 2
080605 2
080606 1
080610 1
080611 1
080612 1
080613 2
080616 1
080617 1
080618 2
080619 1
080620 1
080623 2
080624 1
080625 2
080626 1
080627 1
080630 1
080701 1
080702 1
080703 1
080704 1
080707 2
080708 1
080709 2
080710 1
080711 2
080714 1
080715 1
080716 2
080717 1
080718 1
080721 1
080722 1
080723 2
080724 1
080725 2
080728 1
080729 1
080730 1
080731 2
080801 1
080804 2
080805 1
080806 1
080807 1
080808 2
080811 2
080812 1
080813 2
080814 1
080815 2
080818 2
080819 1
080820 2
080821 2
080822 2
080825 2
080826 1
080827 2
080828 1
080829 2
080901 1
080902 1
080903 2
080904 1
080905 2
080908 2
080909 1
080910 2
080911 2
080912 2
080916 2
080917 1
080918 2
080919 1
080922 1
080923 1
080924 2
080925 2
080926 2
081006 3
081007 1
081008 2
081009 2
081010 1
081013 1
081014 1
081015 2
081016 2
081017 2
081020 2
081021 1
081022 1
081023 2
081024 2
081027 2
081028 1
081029 2
081030 1
081031 1
081103 1
081104 1
081105 1
081106 2
081107 1
081110 1
081111 2
081112 2
081113 1
081114 1
081117 2
081118 1
081119 1
081120 1
081121 1
081124 1
081125 1
081126 1
081127 2
081128 1
081201 1
081202 2
081203 2
081204 1
081205 1
081208 2
081209 1
081210 1
081211 1
081212 1
081215 2
081216 1
081217 1
081218 2
081219 1
081222 1
081223 2
081224 2
081225 2
081226 2
081229 2
081230 2
081231 1
090105 1
090106 1
090107 1
090108 2
090109 2
090112 1
090113 2
090114 1
090115 1
090116 1
090119 1
090120 1
090121 2
090122 2
090123 1
090202 1
090203 2
090204 2
090205 2
090206 1
090209 2
090210 1
090211 2
090212 1
090213 2
090216 1
090217 2
090218 1
090219 1
090220 2
090223 2
090224 1
090225 2
090226 2
090227 1
090302 2
090303 1
090304 1
090305 1
090306 1
090309 1
090310 1
090311 1
090312 2
090313 2
090316 1
090317 2
090318 1
090319 1
090320 2
090323 2
090324 1
090325 2
090326 1
090327 1
090330 1
090331 2
090401 1
090402 1
090403 2
090407 1
090408 1
090409 1
090410 1
090413 1
090414 1
090415 1
090416 1
090417 1
090420 1
090421 1
090422 1
090423 2
090424 1
090427 1
090428 1
090429 1
090430 1
090504 2
090505 1
090506 1
090507 2
090508 1
090511 1
090512 1
090513 1
090514 2
090515 2
090518 2
090519 1
090520 2
090521 2
090522 2
090525 1
090526 1
090527 1
090601 1
090602 1
090603 1
090604 2
090605 2
090608 1
090609 2
090610 2
090611 2
090612 2
090615 1
090616 2
090617 2
090618 1
090619 1
090622 2
090623 1
090624 2
090625 2
090626 1
090629 1
090630 1
090701 2
090702 1
090703 1
090706 2
090707 2
090708 1
090709 2
090710 2
090713 2
090714 2
090715 2
090716 1
090717 2
090720 1
090721 1
090722 1
090723 2
090724 1
090727 1
090728 2
090729 2
090730 2
090731 1
090803 2
090804 1
090805 1
090806 1
090807 1
090810 2
090811 2
090812 1
090813 1
090814 1
090817 1
090818 2
090819 1
090820 2
090821 2
090824 2
090825 1
090826 2
090827 2
090828 2
090831 1
090901 1
090902 1
090903 1
090904 1
090907 1
090908 1
090909 1
090910 1
090911 1
090914 1
090915 1
090916 2
090917 1
090918 1
090921 1
090922 2
090923 1
090924 1
090925 2
090928 1
090929 1
090930 1
091009 1
091012 1
091013 1
091014 2
091015 2
091016 1
091019 2
091020 1
091021 1
091022 1
091023 1
091026 1
091027 1
091028 2
091029 1
091030 2
091102 1
091103 1
091104 1
091105 1
091106 1
091109 2
091110 1
091111 1
091112 2
091113 1
091116 1
091117 2
091118 1
091119 2
091120 1
091123 1
091124 2
091125 1
091126 1
091127 1
091130 1
091201 2
091202 1
091203 2
091204 2
091207 2
091208 2
091209 1
091210 1
091211 2
091214 1
091215 1
091216 2
091217 2
091218 2
091221 2
091222 1
091223 1
091224 1
091225 1
091228 2
091229 1
091230 1
091231 1
100104 1
100105 1
100106 2
100107 1
100108 2
100111 2
100112 2
100113 1
100114 2
100115 2
100118 1
100119 1
100120 2
100121 1
100122 1
100125 1
100126 1
100127 2
100128 2
100129 1
100201 1
100202 1
100203 1
100204 2
100205 1
100208 2
100209 1
100210 1
100211 2
100212 2
100222 1
100223 2
100224 1
100225 1
100226 1
100301 1
100302 1
100303 2
100304 1
100305 2
100308 2
100309 2
100310 2
100311 2
100312 1
100315 2
100316 1
100317 2
100318 1
100319 2
100322 1
100323 1
100324 1
100325 2
100326 2
100329 2
100330 2
100331 2
100401 2
100402 2
100406 1
100407 2
100408 1
100409 2
100412 1
100413 1
100414 2
100415 1
100416 2
100419 2
100420 2
100421 1
100422 1
100423 2
100426 1
100427 2
100428 1
100429 1
100430 1
100504 2
100505 2
100506 2
100507 1
100510 1
100511 1
100512 1
100513 1
100514 1
100517 1
100518 1
100519 1
100520 1
100521 2
100524 1
100525 1
100526 1
100527 1
100528 1
100531 2
100601 1
100602 2
100603 2
100604 1
100607 1
100608 1
100609 1
100610 2
100611 2
100617 1
100618 2
100621 1
100622 1
100623 1
100624 2
100625 2
100628 1
100629 2
100630 1
100701 1
100702 2
100705 1
100706 2
100707 1
100708 1
100709 1
100712 2
100713 1
100714 1
100715 1
100716 1
100719 1
100720 1
100721 2
100722 1
100723 1
100726 2
100727 1
100728 1
100729 1
100730 1
100802 1
100803 1
100804 1
100805 1
100806 1
100809 2
100810 2
100811 2
100812 1
100813 2
100816 2
100817 2
100818 2
100819 1
100820 1
100823 1
100824 1
100825 1
100826 1
100827 1
100830 2
100831 1
100901 2
100902 2
100903 2
100906 1
100907 2
100908 1
100909 1
100910 2
100913 2
100914 1
100915 1
100916 2
100917 2
100920 2
100921 1
100927 1
100928 2
100929 1
100930 1
101008 1
101011 1
101012 2
101013 2
101014 1
101015 1
101018 2
101019 1
101020 2
101021 1
101022 2
101025 2
101026 1
101027 1
101028 1
101029 1
101101 2
101102 2
101103 2
101104 2
101105 2
101108 1
101109 2
101110 1
101111 2
101112 1
101115 1
101116 1
101117 1
101118 1
101119 1
101122 2
101123 1
101124 2
101125 1
101126 1
101129 1
101130 1
101201 1
101202 2
101203 1
101206 2
101207 1
101208 1
101209 2
101210 1
101213 2
101214 1
101215 1
101216 1
101217 2
101220 1
101221 1
101222 1
101223 2
101224 2
101227 1
101228 1
101229 2
101230 1
101231 1
110104 2
110105 2
110106 2
110107 2
110110 2
110111 2
110112 1
110113 2
110114 1
110117 2
110118 1
110119 1
110120 1
110121 2
110124 2
110125 1
110126 1
110127 2
110128 2
110131 1
110201 2
110209 1
110210 1
110211 1
110214 2
110215 2
110216 1
110217 2
110218 2
110221 2
110222 2
110223 2
110224 1
110225 1
110228 1
110301 1
110302 2
110303 1
110304 2
110307 1
110308 1
110309 1
110310 1
110311 1
110314 1
110315 2
110316 2
110317 1
110318 1
110321 1
110322 2
110323 1
110324 2
110325 2
110328 1
110329 1
110330 1
110331 1
110401 2
110406 1
110407 2
110408 2
110411 1
110412 2
110413 2
110414 1
110415 1
110418 2
110419 1
110420 1
110421 2
110422 1
110425 1
110426 1
110427 1
110428 1
110429 1
110503 1
110504 1
110505 2
110506 2
110509 1
110510 2
110511 2
110512 1
110513 2
110516 1
110517 1
110518 1
110519 2
110520 2
110523 2
110524 2
110525 2
110526 2
110527 2
110530 2
110531 2
110601 1
110602 2
110603 2
110607 2
110608 2
110609 1
110610 1
110613 1
110614 1
110615 2
110616 1
110617 1
110620 1
110621 2
110622 1
110623 1
110624 2
110627 1
110628 1
110629 2
110630 2
110701 2
110704 2
110705 1
110706 1
110707 2
110708 2
110711 1
110712 1
110713 2
110714 1
110715 2
110718 1
110719 1
110720 2
110721 2
110722 1
110725 1
110726 1
110727 1
110728 1
110729 2
110801 2
110802 2
110803 2
110804 1
110805 1
110808 1
110809 1
110810 2
110811 2
110812 2
110815 2
110816 1
110817 2
110818 1
110819 1
110822 1
110823 2
110824 1
110825 1
110826 1
110829 1
110830 2
110831 2
110901 1
110902 2
110905 1
110906 1
110907 2
110908 1
110909 2
110913 1
110914 1
110915 1
110916 1
110919 1
110920 2
110921 2
110922 1
110923 1
110926 1
110927 2
110928 2
110929 2
110930 2
111010 2
111011 1
111012 2
111013 1
111014 1
111017 2
111018 1
111019 1
111020 1
111021 2
111024 2
111025 2
111026 1
111027 2
111028 1
111031 1
111101 1
111102 1
111103 1
111104 2
111107 2
111108 1
111109 1
111110 1
111111 2
111114 2
111115 2
111116 1
111117 2
111118 1
111121 1
111122 2
111123 1
111124 1
111125 1
111128 2
111129 2
111130 1
111201 1
111202 2
111205 1
111206 2
111207 1
111208 1
111209 1
111212 2
111213 2
111214 2
111215 1
111216 2
111219 1
111220 1
111221 1
111222 2
111223 2
111226 1
111227 2
111228 1
111229 1
111230 2
120104 1
120105 2
120106 2
120109 1
120110 1
120111 1
120112 2
120113 2
120116 1
120117 2
120118 1
120119 1
120120 2
120130 1
120131 2
120201 2
120202 2
120203 2
120206 1
120207 2
120208 2
120209 2
120210 1
120213 2
120214 1
120215 1
120216 1
120217 2
120220 1
120221 2
120222 2
120223 2
120224 1
120227 2
120228 1
120229 1
120301 1
120302 1
120305 1
120306 1
120307 1
120308 1
120309 1
120312 1
120313 1
120314 2
120315 2
120316 1
120319 2
120320 1
120321 1
120322 1
120323 2
120326 2
120327 2
120328 2
120329 1
120330 1
120405 1
120406 2
120409 2
120410 1
120411 2
120412 2
120413 2
120416 1
120417 2
120418 1
120419 1
120420 2
120423 2
120424 2
120425 2
120426 1
120427 2
120502 2
120503 1
120504 2
120507 1
120508 2
120509 1
120510 2
120511 1
120514 1
120515 2
120516 1
120517 2
120518 1
120521 2
120522 2
120523 1
120524 2
120525 2
120528 1
120529 2
120530 1
120531 2
120601 2
120604 1
120605 1
120606 2
120607 2
120608 1
120611 2
120612 2
120613 1
120614 1
120615 1
120618 1
120619 2
120620 1
120621 2
120625 1
120626 1
120627 1
120628 1
120629 2
120702 2
120703 1
120704 1
120705 1
120706 1
120709 2
120710 1
120711 1
120712 1
120713 2
120716 2
120717 2
120718 2
120719 2
120720 2
120723 1
120724 1
120725 1
120726 1
120727 2
120730 1
120731 1
120801 1
120802 2
120803 2
120806 2
120807 2
120808 1
120809 2
120810 1
120813 1
120814 2
120815 1
120816 2
120817 1
120820 1
120821 1
120822 1
120823 1
120824 2
120827 1
120828 2
120829 1
120830 2
120831 2
120903 1
120904 2
120905 1
120906 1
120907 1
120910 2
120911 1
120912 1
120913 2
120914 2
120917 1
120918 1
120919 1
120920 1
120921 2
120924 1
120925 1
120926 1
120927 1
120928 1
121008 2
121009 2
121010 2
121011 1
121012 1
121015 2
121016 2
121017 2
121018 2
121019 1
121022 2
121023 1
121024 1
121025 2
121026 2
121029 1
121030 2
121031 1
121101 2
121102 1
121105 1
121106 2
121107 1
121108 1
121109 1
121112 2
121113 1
121114 1
121115 2
121116 2
121119 1
121120 2
121121 2
121122 1
121123 2
121126 2
121127 1
121128 2
121129 1
121130 1
121203 2
121204 1
121205 2
121206 1
121207 1
121210 1
121211 2
121212 2
121213 1
121214 2
121217 1
121218 2
121219 1
121220 2
121221 1
121224 2
121225 2
121226 1
121227 2
121228 2
121231 1
130104 1
130107 2
130108 1
130109 1
130110 1
130111 2
130114 2
130115 2
130116 1
130117 1
130118 1
130121 2
130122 2
130123 1
130124 1
130125 1
130128 2
130129 1
130130 2
130131 2
130201 1
130204 2
130205 2
130206 1
130207 1
130208 1
130218 1
130219 1
130220 1
130221 1
130222 1
130225 1
130226 2
130227 1
130228 1
130301 1
130304 2
130305 1
130306 2
130307 1
130308 2
130311 1
130312 1
130313 1
130314 1
130315 2
130318 2
130319 1
130320 1
130321 2
130322 1
130325 1
130326 1
130327 2
130328 1
130329 1
130401 2
130402 1
130403 2
130408 2
130409 2
130410 1
130411 2
130412 2
130415 2
130416 1
130417 1
130418 2
130419 2
130422 2
130423 2
130424 2
130425 1
130426 2
130502 1
130503 2
130506 2
130507 2
130508 1
130509 1
130510 1
130513 2
130514 2
130515 1
130516 2
130517 1
130520 1
130521 2
130522 2
130523 1
130524 2
130527 1
130528 1
130529 1
130530 1
130531 1
130603 2
130604 1
130605 1
130606 2
130607 1
130613 1
130614 1
130617 2
130618 1
130619 1
130620 1
130621 1
130624 2
130625 1
130626 2
130627 1
130628 2
130701 2
130702 2
130703 2
130704 2
130705 1
130708 2
130709 1
130710 1
130711 2
130712 2
130715 1
130716 2
130717 1
130718 2
130719 2
130722 2
130723 2
130724 1
130725 2
130726 2
130729 1
130730 2
130731 2
130801 2
130802 2
130805 2
130806 1
130807 2
130808 1
130809 1
130812 1
130813 2
130814 1
130815 1
130816 2
130819 1
130820 1
130821 2
130822 1
130823 1
130826 2
130827 2
130828 2
130829 1
130830 1
130902 1
130903 2
130904 1
130905 1
130906 2
130909 2
130910 2
130911 2
130912 1
130913 2
130916 2
130917 1
130918 1
130923 2
130924 2
130925 1
130926 1
130927 1
130930 1
131008 2
131009 1
131010 2
131011 2
131014 1
131015 2
131016 1
131017 1
131018 1
131021 1
131022 1
131023 1
131024 2
131025 1
131028 2
131029 1
131030 2
131031 1
131101 2
131104 1
131105 1
131106 2
131107 1
131108 1
131111 2
131112 1
131113 2
131114 2
131115 1
131118 1
131119 1
131120 2
131121 2
131122 1
131125 1
131126 1
131127 2
131128 1
131129 2
131202 1
131203 2
131204 1
131205 2
131206 2
131209 2
131210 1
131211 2
131212 1
131213 1
131216 1
131217 1
131218 1
131219 2
131220 2
131223 2
131224 1
131225 2
131226 1
131227 1
131230 2
131231 2
140102 2
140103 2
140106 1
140107 1
140108 1
140109 2
140110 1
140113 2
140114 2
140115 2
140116 1
140117 1
140120 1
140121 1
140122 1
140123 2
140124 1
140127 1
140128 1
140129 1
140130 1
140207 2
140210 2
140211 1
140212 1
140213 2
140214 2
140217 2
140218 2
140219 1
140220 1
140221 1
140224 1
140225 2
140226 1
140227 2
140228 1
140303 2
140304 1
140305 1
140306 2
140307 1
140310 1
140311 1
140312 1
140313 1
140314 2
140317 1
140318 2
140319 1
140320 1
140321 1
140324 1
140325 2
140326 2
140327 2
140328 2
140331 2
140401 2
140402 2
140403 1
140404 2
140408 2
140409 1
140410 1
140411 1
140414 2
140415 1
140416 1
140417 1
140418 1
140421 1
140422 1
140423 2
140424 1
140425 1
140428 1
140429 1
140430 2
140505 2
140506 2
140507 2
140508 2
140509 1
140512 2
140513 2
140514 2
140515 2
140516 2
140519 1
140520 2
140521 2
140522 1
140523 1
140526 1
140527 2
140528 1
140529 2
140530 2
140603 1
140604 1
140605 2
140606 2
140609 2
140610 1
140611 1
140612 1
140613 1
140616 2
140617 1
140618 2
140619 2
140620 1
140623 2
140624 2
140625 1
140626 1
140627 1
140630 1
140701 1
140702 2
140703 2
140704 1
140707 1
140708 1
140709 2
140710 1
140711 2
140714 1
140715 1
140716 1
140717 1
140718 1
140721 1
140722 2
140723 1
140724 1
140725 1
140728 1
140729 2
140730 1
140731 1
140801 2
140804 1
140805 1
140806 2
140807 1
140808 2
140811 2
140812 1
140813 2
140814 1
140815 1
140818 2
140819 2
140820 2
140821 2
140822 2
140825 1
140826 2
140827 2
140828 1
140829 2
140901 1
140902 2
140903 2
140904 2
140905 1
140909 2
140910 1
140911 2
140912 2
140915 2
140916 1
140917 1
140918 2
140919 1
140922 1
140923 1
140924 2
140925 1
140926 1
140929 2
140930 1
141008 2
141009 1
141010 2
141013 2
141014 2
141015 2
141016 1
141017 2
141020 1
141021 2
141022 1
141023 2
141024 1
141027 1
141028 2
141029 1
141030 2
141031 1
141103 1
141104 1
141105 1
141106 1
141107 2
141110 1
141111 2
141112 2
141113 1
141114 1
141117 1
141118 1
141119 2
141120 1
141121 1
141124 2
141125 2
141126 1
141127 2
141128 2
141201 1
141202 2
141203 2
141204 2
141205 2
141208 2
141209 2
141210 1
141211 1
141212 1
141215 1
141216 1
141217 1
141218 2
141219 1
141222 1
141223 1
141224 1
141225 2
141226 1
141229 2
141230 1
141231 2
150105 2
150106 2
150107 2
150108 2
150109 1
150112 2
150113 1
150114 2
150115 2
150116 1
150119 1
150120 1
150121 1
150122 2
150123 1
150126 2
150127 1
150128 1
150129 2
150130 2
150202 1
150203 1
150204 1
150205 1
150206 1
150209 1
150210 1
150211 2
150212 2
150213 2
150216 1
150217 1
150225 1
150226 1
150227 1
150302 2
150303 2
150304 1
150305 1
150306 1
150309 2
150310 2
150311 2
150312 2
150313 1
150316 2
150317 1
150318 2
150319 1
150320 1
150323 2
150324 2
150325 2
150326 1
150327 1
150330 1
150331 1
150401 2
150402 1
150403 1
150407 2
150408 1
150409 1
150410 1
150413 2
150414 1
150415 2
150416 1
150417 1
150420 1
150421 1
150422 2
150423 2
150424 2
150427 2
150428 2
150429 1
150430 2
150504 2
150505 1
150506 1
150507 1
150508 2
150511 2
150512 1
150513 1
150514 1
150515 2
150518 1
150519 1
150520 1
150521 2
150522 1
150525 2
150526 2
150527 1
150528 2
150529 1
150601 2
150602 1
150603 2
150604 1
150605 1
150608 1
150609 1
150610 1
150611 1
150612 1
150615 1
150616 1
150617 2
150618 1
150619 1
150623 2
150624 1
150625 1
150626 1
150629 1
150630 1
150701 2
150702 2
150703 2
150706 1
150707 2
150708 1
150709 2
150710 2
150713 2
150714 1
150715 2
150716 2
150717 1
150720 1
150721 2
150722 2
150723 1
150724 2
150727 1
150728 2
150729 1
150730 1
150731 1
150803 1
150804 1
150805 1
150806 2
150807 1
150810 2
150811 1
150812 2
150813 2
150814 2
150817 1
150818 1
150819 1
150820 1
150821 1
150824 1
150825 1
150826 1
150827 2
150828 2
150831 1
150901 1
150902 2
150907 2
150908 2
150909 1
150910 1
150911 2
150914 1
150915 2
150916 2
150917 1
150918 1
150921 2
150922 2
150923 1
150924 1
150925 2
150928 1
150929 1
150930 2
151008 2
151009 2
151012 1
151013 2
151014 2
151015 1
151016 2
151019 1
151020 2
151021 2
151022 2
151023 1
151026 1
151027 1
151028 2
151029 2
151030 2
151102 2
151103 2
151104 1
151105 2
151106 1
151109 2
151110 2
151111 1
151112 1
151113 2
151116 1
151117 1
151118 2
151119 1
151120 2
151123 2
151124 2
151125 2
151126 1
151127 1
151130 1
151201 2
151202 1
151203 1
151204 1
151207 1
151208 2
151209 1
151210 2
151211 2
151214 2
151215 1
151216 1
151217 1
151218 1
151221 1
151222 1
151223 1
151224 1
151225 2
151228 1
151229 1
151230 2
151231 1
160104 2
160105 1
160106 2
160107 1
160108 2
160111 1
160112 2
160113 1
160114 1
160115 2
160118 1
160119 2
160120 2
160121 1
160122 1
160125 1
160126 1
160127 1
160128 1
160129 1
160201 1
160202 1
160203 1
160204 1
160205 1
160215 1
160216 1
160217 1
160218 1
160219 2
160222 1
160223 1
160224 2
160225 2
160226 2
160229 1
160301 1
160302 2
160303 1
160304 2
160307 2
160308 1
160309 1
160310 1
160311 2
160314 1
160315 1
160316 1
160317 1
160318 1
160321 1
160322 1
160323 1
160324 1
160325 1
160328 2
160329 1
160330 1
160331 2
160401 2
160405 1
160406 1
160407 1
160408 1
160411 2
160412 1
160413 2
160414 1
160415 2
160418 2
160419 1
160420 1
160421 2
160422 1
160425 1
160426 2
160427 2
160428 1
160429 1
160503 1
160504 2
160505 1
160506 1
160509 2
160510 1
160511 2
160512 1
160513 1
160516 1
160517 1
160518 1
160519 1
160520 1
160523 1
160524 1
160525 2
160526 2
160527 1
160530 1
160531 2
160601 1
160602 1
160603 1
160606 2
160607 1
160608 2
160613 1
160614 1
160615 1
160616 2
160617 2
160620 1
160621 2
160622 2
160623 1
160624 1
160627 2
160628 1
160629 2
160630 1
160701 1
160704 2
160705 2
160706 1
160707 1
160708 1
160711 1
160712 2
160713 2
160714 2
160715 2
160718 1
160719 1
160720 1
160721 2
160722 1
160725 2
160726 2
160727 1
160728 2
160729 2
160801 2
160802 2
160803 2
160804 1
160805 2
160808 1
160809 1
160810 2
160811 1
160812 1
160815 2
160816 2
160817 1
160818 1
160819 2
160822 2
160823 2
160824 2
160825 1
160826 2
160829 2
160830 2
160831 1
160901 2
160902 2
160905 2
160906 2
160907 1
160908 2
160909 2
160912 1
160913 1
160914 1
160919 2
160920 1
160921 1
160922 1
160923 1
160926 2
160927 1
160928 1
160929 1
160930 1
161010 1
161011 2
161012 2
161013 2
161014 1
161017 2
161018 1
161019 1
161020 2
161021 2
161024 2
161025 1
161026 1
161027 2
161028 2
161031 1
161101 2
161102 1
161103 2
161104 1
161107 2
161108 1
161109 1
161110 2
161111 1
161114 1
161115 1
161116 1
161117 2
161118 1
161121 1
161122 1
161123 2
161124 2
161125 1
161128 2
161129 1
161130 2
161201 1
161202 2
161205 1
161206 1
161207 2
161208 1
161209 1
161212 2
161213 2
161214 2
161215 2
161216 1
161219 2
161220 1
161221 1
161222 1
161223 1
161226 1
161227 2
161228 2
161229 2
161230 1
170103 1
170104 2
170105 1
170106 1
170109 2
170110 2
170111 1
170112 2
170113 2
170116 1
170117 1
170118 1
170119 1
170120 1
170123 2
170124 1
170125 1
170126 1
170203 2
170206 1
170207 1
170208 2
170209 1
170210 1
170213 1
170214 1
170215 2
170216 1
170217 1
170220 2
170221 2
170222 1
170223 1
170224 2
170227 1
170228 1
170301 2
170302 1
170303 1
170306 1
170307 1
170308 1
170309 1
170310 1
170313 2
170314 1
170315 2
170316 2
170317 2
170320 2
170321 1
170322 1
170323 2
170324 2
170327 1
170328 2
170329 1
170330 2
170331 1
170405 1
170406 1
170407 1
170410 2
170411 1
170412 2
170413 2
170414 1
170417 2
170418 2
170419 2
170420 1
170421 2
170424 1
170425 2
170426 1
170427 1
170428 1
170502 1
170503 1
170504 2
170505 1
170508 1
170509 1
170510 1
170511 1
170512 2
170515 1
170516 1
170517 1
170518 1
170519 1
170522 2
170523 1
170524 1
170525 2
170526 2
170531 1
170601 1
170602 2
170605 1
170606 2
170607 1
170608 2
170609 1
170612 2
170613 1
170614 1
170615 2
170616 1
170619 1
170620 2
170621 2
170622 1
170623 1
170626 2
170627 2
170628 2
170629 2
170630 1
170703 2
170704 1
170705 1
170706 1
170707 1
170710 1
170711 1
170712 2
170713 1
170714 2
170717 2
170718 1
170719 2
170720 1
170721 2
170724 1
170725 2
170726 1
170727 1
170728 1
170731 1
170801 2
170802 2
170803 1
170804 2
170807 1
170808 2
170809 2
170810 1
170811 2
170814 1
170815 1
170816 1
170817 2
170818 1
