050901 2
050902 1
050905 2
050906 2
050907 2
050908 1
050909 1
050912 1
050913 1
050914 2
050915 1
050916 1
050919 2
050920 1
050921 1
050922 1
050923 1
050926 1
050927 1
050928 1
050929 2
050930 1
051010 2
051011 2
051012 2
051013 1
051014 1
051017 2
051018 1
051019 1
051020 1
051021 1
051024 1
051025 1
051026 1
051027 2
051028 1
051031 2
051101 2
051102 1
051103 1
051104 1
051107 1
051108 2
051109 1
051110 2
051111 1
051114 1
051115 1
051116 1
051117 2
051118 1
051121 2
051122 2
051123 1
051124 2
051125 2
051128 1
051129 1
051130 2
051201 1
051202 2
051205 2
051206 1
051207 1
051208 2
051209 2
051212 2
051213 2
051214 2
051215 1
051216 2
051219 2
051220 1
051221 1
051222 2
051223 1
051226 2
051227 1
051228 2
051229 2
051230 1
060104 1
060105 1
060106 1
060109 2
060110 2
060111 2
060112 1
060113 1
060116 2
060117 2
060118 1
060119 2
060120 2
060123 2
060124 1
060125 1
060126 2
060127 2
060206 2
060207 1
060208 1
060209 1
060210 1
060213 2
060214 2
060215 1
060216 1
060217 1
060220 1
060221 1
060222 1
060223 1
060224 2
060227 1
060228 2
060301 2
060302 2
060303 2
060306 2
060307 1
060308 1
060309 1
060310 2
060313 2
060314 1
060315 1
060316 2
060317 2
060320 2
060321 1
060322 2
060323 1
060324 2
060327 2
060328 1
060329 1
060330 2
060331 2
060403 1
060404 1
060405 1
060406 2
060407 1
060410 2
060411 2
060412 1
060413 1
060414 1
060417 2
060418 2
060419 1
060420 2
060421 1
060424 2
060425 1
060426 1
060427 1
060428 2
060508 2
060509 2
060510 2
060511 1
060512 2
060515 1
060516 1
060517 2
060518 1
060519 2
060522 1
060523 1
060524 2
060525 1
060526 2
060529 2
060530 2
060531 1
060601 1
060602 2
060605 2
060606 1
060607 2
060608 1
060609 1
060612 2
060613 1
060614 1
060615 2
060616 2
060619 1
060620 2
060621 2
060622 1
060623 1
060626 1
060627 2
060628 1
060629 2
060630 2
060703 2
060704 2
060705 1
060706 1
060707 1
060710 1
060711 2
060712 2
060713 2
060714 1
060717 2
060718 2
060719 1
060720 2
060721 1
060724 1
060725 2
060726 1
060727 1
060728 2
060731 2
060801 1
060802 2
060803 1
060804 1
060807 1
060808 1
060809 2
060810 1
060811 2
060814 1
060815 1
060816 2
060817 1
060818 2
060821 1
060822 2
060823 1
060824 1
060825 1
060828 2
060829 1
060830 1
060831 2
060901 2
060904 1
060905 2
060906 2
060907 1
060908 2
060911 1
060912 1
060913 2
060914 2
060915 1
060918 2
060919 1
060920 1
060921 1
060922 2
060925 1
060926 1
060927 1
060928 2
060929 2
061009 2
061010 2
061011 1
061012 2
061013 2
061016 2
061017 2
061018 1
061019 1
061020 1
061023 2
061024 2
061025 1
061026 2
061027 2
061030 1
061031 2
061101 2
061102 2
061103 2
061106 1
061107 1
061108 2
061109 1
061110 2
061113 2
061114 2
061115 1
061116 2
061117 1
061120 1
061121 1
061122 2
061123 1
061124 1
061127 1
061128 2
061129 1
061130 1
061201 1
061204 1
061205 2
061206 1
061207 2
061208 2
061211 2
061212 1
061213 1
061214 2
061215 1
061218 2
061219 1
061220 2
061221 2
061222 1
061225 2
061226 2
061227 1
061228 2
061229 1
070104 1
070105 2
070108 1
070109 1
070110 1
070111 2
070112 2
070115 2
070116 2
070117 1
070118 1
070119 2
070122 1
070123 1
070124 2
070125 1
070126 2
070129 2
070130 1
070131 1
070201 1
070202 2
070205 2
070206 1
070207 1
070208 1
070209 2
070212 1
070213 1
070214 2
070215 1
070216 2
070226 1
070227 2
070228 1
070301 1
070302 1
070305 2
070306 2
070307 1
070308 1
070309 2
070312 1
070313 1
070314 1
070315 2
070316 1
070319 2
070320 1
070321 1
070322 2
070323 2
070326 1
070327 2
070328 1
070329 2
070330 2
070402 2
070403 1
070404 1
070405 1
070406 1
070409 1
070410 1
070411 1
070412 2
070413 1
070416 1
070417 2
070418 1
070419 1
070420 2
070423 2
070424 2
070425 1
070426 2
070427 1
070430 2
070508 1
070509 2
070510 1
070511 2
070514 2
070515 1
070516 2
070517 2
070518 2
070521 1
070522 2
070523 1
070524 2
070525 2
070528 1
070529 1
070530 1
070531 1
070601 1
070604 1
070605 2
070606 1
070607 1
070608 1
070611 1
070612 2
070613 1
070614 1
070615 2
070618 1
070619 2
070620 1
070621 1
070622 2
070625 2
070626 1
070627 2
070628 2
070629 2
070702 1
070703 1
070704 2
070705 1
070706 2
070709 1
070710 1
070711 1
070712 2
070713 2
070716 2
070717 1
070718 2
070719 1
070720 2
070723 2
070724 2
070725 1
070726 2
070727 1
070730 1
070731 1
070801 1
070802 1
070803 2
070806 2
070807 2
070808 1
070809 1
070810 2
070813 2
070814 1
070815 2
070816 1
070817 2
070820 1
070821 2
070822 1
070823 2
070824 1
070827 1
070828 1
070829 1
070830 2
070831 1
070903 1
070904 2
070905 1
070906 2
070907 1
070910 2
070911 1
070912 1
070913 1
070914 1
070917 1
070918 2
070919 1
070920 1
070921 2
070924 1
070925 1
070926 2
070927 1
070928 2
071008 2
071009 1
071010 1
071011 2
071012 2
071015 1
071016 1
071017 2
071018 2
071019 1
071022 2
071023 1
071024 1
071025 1
071026 1
071029 2
071030 2
071031 2
071101 1
071102 1
071105 1
071106 1
071107 1
071108 1
071109 1
071112 2
071113 2
071114 2
071115 1
071116 2
071119 2
071120 1
071121 1
071122 1
071123 1
071126 1
071127 1
071128 1
071129 1
071130 1
071203 2
071204 1
071205 1
071206 2
071207 1
071210 2
071211 2
071212 1
071213 1
071214 1
071217 2
071218 1
071219 2
071220 1
071221 1
071224 1
071225 1
071226 2
071227 1
071228 1
080102 1
080103 1
080104 1
080107 2
080108 2
080109 1
080110 1
080111 1
080114 1
080115 2
080116 1
080117 1
080118 1
080121 1
080122 1
080123 1
080124 2
080125 1
080128 2
080129 2
080130 1
080131 1
080201 1
080204 1
080205 2
080213 1
080214 1
080215 1
080218 2
080219 1
080220 2
080221 2
080222 1
080225 1
080226 1
080227 1
080228 2
080229 1
080303 2
080304 1
080305 1
080306 2
080307 1
080310 1
080311 1
080312 2
080313 1
080314 2
080317 2
080318 1
080319 1
080320 2
080321 1
080324 2
080325 1
080326 1
080327 1
080328 1
080331 1
080401 1
080402 1
080403 2
080407 1
080408 2
080409 2
080410 1
080411 1
080414 2
080415 2
080416 1
080417 1
080418 1
080421 1
080422 2
080423 1
080424 1
080425 2
080428 2
080429 1
080430 2
080505 2
080506 2
080507 2
080508 1
080509 1
080512 2
080513 1
080514 1
080515 2
080516 2
080519 1
080520 2
080521 1
080522 2
080523 2
080526 2
080527 1
080528 2
080529 2
080530 1
080602 1
080603 2
080604 1
080605 1
080606 2
080610 2
080611 2
080612 1
080613 2
080616 2
080617 1
080618 2
080619 2
080620 1
080623 2
080624 2
080625 2
080626 1
080627 1
080630 1
080701 1
080702 2
080703 1
080704 1
080707 1
080708 2
080709 1
080710 2
080711 1
080714 1
080715 2
080716 2
080717 2
080718 2
080721 1
080722 2
080723 2
080724 1
080725 2
080728 1
080729 2
080730 1
080731 1
080801 1
080804 2
080805 2
080806 1
080807 2
080808 1
080811 2
080812 1
080813 1
080814 1
080815 2
080818 2
080819 1
080820 1
080821 1
080822 1
080825 2
080826 2
080827 1
080828 1
080829 2
080901 1
080902 2
080903 2
080904 1
080905 2
080908 2
080909 2
080910 2
080911 2
080912 2
080916 1
080917 2
080918 2
080919 2
080922 2
080923 1
080924 2
080925 2
080926 2
081006 3
081007 1
081008 2
081009 2
081010 2
081013 2
081014 1
081015 1
081016 1
081017 1
081020 1
081021 1
081022 1
081023 2
081024 1
081027 2
081028 1
081029 2
081030 2
081031 1
081103 2
081104 1
081105 2
081106 2
081107 2
081110 1
081111 1
081112 2
081113 2
081114 2
081117 2
081118 2
081119 2
081120 2
081121 2
081124 2
081125 2
081126 2
081127 1
081128 1
081201 1
081202 1
081203 2
081204 2
081205 2
081208 2
081209 1
081210 2
081211 2
081212 1
081215 2
081216 2
081217 1
081218 2
081219 2
081222 1
081223 1
081224 2
081225 1
081226 1
081229 2
081230 1
081231 2
090105 2
090106 2
090107 2
090108 1
090109 2
090112 1
090113 2
090114 2
090115 2
090116 2
090119 1
090120 1
090121 2
090122 2
090123 1
090202 1
090203 2
090204 2
090205 1
090206 2
090209 1
090210 2
090211 2
090212 2
090213 2
090216 2
090217 1
090218 2
090219 2
090220 2
090223 2
090224 1
090225 2
090226 2
090227 1
090302 2
090303 1
090304 2
090305 2
090306 2
090309 1
090310 2
090311 1
090312 2
090313 2
090316 2
090317 2
090318 1
090319 1
090320 2
090323 2
090324 2
090325 1
090326 2
090327 1
090330 1
090331 2
090401 1
090402 2
090403 2
090407 1
090408 1
090409 1
090410 1
090413 2
090414 1
090415 2
090416 1
090417 2
090420 1
090421 2
090422 1
090423 2
090424 2
090427 1
090428 1
090429 1
090430 1
090504 1
090505 1
090506 2
090507 2
090508 1
090511 1
090512 1
090513 2
090514 2
090515 2
090518 2
090519 1
090520 1
090521 2
090522 1
090525 1
090526 1
090527 1
090601 1
090602 1
090603 1
090604 2
090605 1
090608 2
090609 1
090610 2
090611 1
090612 1
090615 1
090616 1
090617 2
090618 1
090619 1
090622 2
090623 1
090624 1
090625 1
090626 2
090629 2
090630 1
090701 1
090702 2
090703 1
090706 1
090707 2
090708 2
090709 2
090710 1
090713 1
090714 1
090715 1
090716 2
090717 2
090720 1
090721 2
090722 2
090723 2
090724 1
090727 1
090728 1
090729 2
090730 2
090731 2
090803 1
090804 1
090805 2
090806 1
090807 2
090810 2
090811 2
090812 2
090813 1
090814 1
090817 1
090818 1
090819 2
090820 2
090821 1
090824 1
090825 2
090826 1
090827 1
090828 1
090831 1
090901 1
090902 1
090903 2
090904 1
090907 1
090908 2
090909 2
090910 1
090911 2
090914 1
090915 2
090916 1
090917 1
090918 2
090921 2
090922 1
090923 2
090924 1
090925 2
090928 1
090929 1
090930 2
091009 1
091012 1
091013 2
091014 2
091015 1
091016 2
091019 2
091020 1
091021 2
091022 2
091023 2
091026 2
091027 2
091028 1
091029 1
091030 2
091102 2
091103 1
091104 1
091105 1
091106 2
091109 2
091110 2
091111 1
091112 2
091113 2
091116 1
091117 2
091118 1
091119 2
091120 1
091123 1
091124 2
091125 2
091126 2
091127 1
091130 1
091201 2
091202 1
091203 1
091204 2
091207 1
091208 2
091209 1
091210 2
091211 2
091214 1
091215 1
091216 2
091217 1
091218 1
091221 2
091222 2
091223 1
091224 2
091225 2
091228 1
091229 2
091230 1
091231 2
100104 1
100105 2
100106 2
100107 1
100108 2
100111 1
100112 2
100113 1
100114 1
100115 1
100118 2
100119 2
100120 1
100121 1
100122 1
100125 1
100126 2
100127 1
100128 2
100129 1
100201 1
100202 2
100203 2
100204 2
100205 2
100208 2
100209 1
100210 2
100211 1
100212 2
100222 1
100223 2
100224 1
100225 2
100226 2
100301 2
100302 2
100303 1
100304 1
100305 2
100308 1
100309 2
100310 1
100311 1
100312 2
100315 2
100316 2
100317 2
100318 1
100319 1
100322 2
100323 1
100324 1
100325 1
100326 2
100329 2
100330 2
100331 1
100401 1
100402 2
100406 2
100407 2
100408 2
100409 1
100412 2
100413 1
100414 2
100415 1
100416 2
100419 1
100420 2
100421 2
100422 1
100423 1
100426 1
100427 2
100428 1
100429 2
100430 2
100504 2
100505 2
100506 2
100507 1
100510 1
100511 2
100512 1
100513 2
100514 1
100517 1
100518 2
100519 2
100520 2
100521 2
100524 2
100525 1
100526 1
100527 2
100528 1
100531 1
100601 2
100602 1
100603 2
100604 1
100607 1
100608 1
100609 1
100610 2
100611 1
100617 1
100618 1
100621 1
100622 1
100623 2
100624 1
100625 1
100628 1
100629 2
100630 2
100701 1
100702 2
100705 2
100706 1
100707 2
100708 1
100709 1
100712 1
100713 1
100714 2
100715 1
100716 1
100719 2
100720 2
100721 1
100722 2
100723 2
100726 2
100727 2
100728 2
100729 1
100730 1
100802 1
100803 2
100804 2
100805 1
100806 2
100809 1
100810 1
100811 2
100812 2
100813 1
100816 1
100817 2
100818 1
100819 2
100820 1
100823 2
100824 1
100825 1
100826 2
100827 1
100830 1
100831 1
100901 1
100902 1
100903 2
100906 1
100907 2
100908 1
100909 1
100910 2
100913 2
100914 2
100915 1
100916 2
100917 1
100920 1
100921 1
100927 2
100928 2
100929 1
100930 2
101008 2
101011 2
101012 1
101013 2
101014 1
101015 2
101018 1
101019 2
101020 1
101021 1
101022 2
101025 2
101026 2
101027 1
101028 1
101029 1
101101 2
101102 1
101103 1
101104 1
101105 2
101108 2
101109 1
101110 1
101111 1
101112 1
101115 1
101116 1
101117 1
101118 1
101119 1
101122 2
101123 1
101124 1
101125 2
101126 2
101129 1
101130 2
101201 1
101202 1
101203 1
101206 2
101207 2
101208 1
101209 2
101210 2
101213 2
101214 2
101215 1
101216 1
101217 1
101220 2
101221 1
101222 1
101223 2
101224 2
101227 1
101228 1
101229 1
101230 1
101231 2
110104 2
110105 1
110106 1
110107 1
110110 2
110111 2
110112 1
110113 1
110114 2
110117 2
110118 2
110119 1
110120 2
110121 1
110124 1
110125 2
110126 1
110127 1
110128 1
110131 2
110201 2
110209 1
110210 2
110211 1
110214 2
110215 1
110216 1
110217 1
110218 1
110221 1
110222 2
110223 2
110224 1
110225 1
110228 1
110301 2
110302 1
110303 2
110304 1
110307 2
110308 1
110309 1
110310 1
110311 2
110314 2
110315 2
110316 2
110317 2
110318 1
110321 1
110322 1
110323 2
110324 2
110325 2
110328 1
110329 2
110330 1
110331 1
110401 1
110406 1
110407 2
110408 1
110411 2
110412 2
110413 1
110414 1
110415 2
110418 1
110419 1
110420 1
110421 1
110422 1
110425 2
110426 1
110427 1
110428 2
110429 2
110503 1
110504 1
110505 2
110506 1
110509 1
110510 1
110511 1
110512 1
110513 2
110516 2
110517 1
110518 2
110519 1
110520 2
110523 2
110524 2
110525 2
110526 2
110527 2
110530 1
110531 2
110601 2
110602 2
110603 1
110607 2
110608 1
110609 1
110610 1
110613 2
110614 1
110615 2
110616 2
110617 1
110620 2
110621 1
110622 2
110623 2
110624 2
110627 2
110628 1
110629 1
110630 2
110701 2
110704 1
110705 1
110706 1
110707 1
110708 1
110711 2
110712 1
110713 2
110714 2
110715 1
110718 2
110719 2
110720 2
110721 2
110722 2
110725 1
110726 2
110727 2
110728 1
110729 1
110801 1
110802 1
110803 2
110804 1
110805 1
110808 1
110809 2
110810 1
110811 2
110812 1
110815 2
110816 1
110817 2
110818 1
110819 1
110822 2
110823 2
110824 2
110825 1
110826 2
110829 1
110830 1
110831 1
110901 1
110902 1
110905 2
110906 1
110907 2
110908 1
110909 1
110913 2
110914 1
110915 1
110916 1
110919 1
110920 2
110921 2
110922 2
110923 1
110926 1
110927 2
110928 1
110929 1
110930 1
111010 2
111011 2
111012 1
111013 2
111014 1
111017 1
111018 1
111019 2
111020 2
111021 1
111024 2
111025 2
111026 1
111027 2
111028 2
111031 2
111101 2
111102 2
111103 2
111104 2
111107 2
111108 1
111109 2
111110 1
111111 1
111114 2
111115 2
111116 2
111117 2
111118 1
111121 2
111122 2
111123 1
111124 1
111125 1
111128 1
111129 2
111130 1
111201 1
111202 2
111205 2
111206 1
111207 1
111208 2
111209 2
111212 2
111213 2
111214 2
111215 1
111216 2
111219 1
111220 2
111221 1
111222 2
111223 1
111226 2
111227 1
111228 1
111229 2
111230 1
120104 1
120105 2
120106 2
120109 2
120110 2
120111 2
120112 1
120113 1
120116 2
120117 2
120118 2
120119 2
120120 1
120130 2
120131 2
120201 1
120202 1
120203 1
120206 2
120207 2
120208 2
120209 2
120210 2
120213 1
120214 1
120215 2
120216 1
120217 1
120220 1
120221 1
120222 2
120223 1
120224 1
120227 1
120228 1
120229 2
120301 1
120302 2
120305 1
120306 1
120307 1
120308 1
120309 1
120312 2
120313 2
120314 1
120315 2
120316 2
120319 2
120320 2
120321 1
120322 2
120323 1
120326 1
120327 1
120328 2
120329 2
120330 2
120405 1
120406 1
120409 1
120410 2
120411 2
120412 2
120413 1
120416 2
120417 2
120418 1
120419 2
120420 2
120423 1
120424 1
120425 1
120426 1
120427 1
120502 1
120503 1
120504 1
120507 2
120508 2
120509 2
120510 1
120511 1
120514 2
120515 2
120516 1
120517 1
120518 1
120521 2
120522 1
120523 1
120524 1
120525 2
120528 1
120529 1
120530 2
120531 1
120601 1
120604 1
120605 2
120606 2
120607 2
120608 1
120611 2
120612 2
120613 2
120614 1
120615 2
120618 1
120619 1
120620 1
120621 2
120625 2
120626 1
120627 2
120628 1
120629 2
120702 1
120703 1
120704 2
120705 2
120706 1
120709 2
120710 1
120711 2
120712 1
120713 1
120716 2
120717 1
120718 1
120719 2
120720 2
120723 2
120724 2
120725 2
120726 1
120727 1
120730 1
120731 1
120801 2
120802 2
120803 1
120806 1
120807 1
120808 2
120809 1
120810 1
120813 1
120814 1
120815 1
120816 1
120817 1
120820 2
120821 2
120822 2
120823 1
120824 2
120827 1
120828 2
120829 2
120830 1
120831 1
120903 1
120904 2
120905 1
120906 1
120907 1
120910 2
120911 1
120912 2
120913 2
120914 1
120917 1
120918 2
120919 1
120920 1
120921 2
120924 2
120925 2
120926 1
120927 2
120928 2
121008 1
121009 2
121010 1
121011 2
121012 1
121015 2
121016 1
121017 2
121018 1
121019 1
121022 1
121023 1
121024 2
121025 1
121026 1
121029 1
121030 2
121031 1
121101 2
121102 2
121105 1
121106 2
121107 1
121108 1
121109 1
121112 2
121113 1
121114 2
121115 2
121116 1
121119 2
121120 1
121121 2
121122 2
121123 1
121126 2
121127 1
121128 1
121129 2
121130 2
121203 1
121204 1
121205 1
121206 1
121207 2
121210 2
121211 2
121212 1
121213 1
121214 2
121217 1
121218 1
121219 2
121220 2
121221 2
121224 1
121225 2
121226 2
121227 2
121228 2
121231 1
130104 1
130107 2
130108 1
130109 1
130110 1
130111 2
130114 2
130115 2
130116 1
130117 2
130118 2
130121 2
130122 1
130123 1
130124 1
130125 2
130128 1
130129 1
130130 2
130131 2
130201 1
130204 1
130205 1
130206 1
130207 1
130208 2
130218 2
130219 2
130220 2
130221 2
130222 1
130225 2
130226 2
130227 1
130228 1
130301 2
130304 2
130305 2
130306 1
130307 2
130308 2
130311 1
130312 1
130313 2
130314 1
130315 2
130318 1
130319 2
130320 1
130321 2
130322 1
130325 1
130326 2
130327 1
130328 2
130329 1
130401 1
130402 1
130403 2
130408 1
130409 2
130410 2
130411 1
130412 1
130415 1
130416 2
130417 1
130418 2
130419 1
130422 2
130423 2
130424 2
130425 2
130426 2
130502 1
130503 1
130506 1
130507 2
130508 2
130509 2
130510 1
130513 2
130514 1
130515 1
130516 2
130517 2
130520 1
130521 2
130522 1
130523 1
130524 1
130527 2
130528 2
130529 2
130530 1
130531 1
130603 2
130604 1
130605 2
130606 2
130607 1
130613 1
130614 2
130617 1
130618 1
130619 2
130620 2
130621 1
130624 1
130625 2
130626 1
130627 2
130628 1
130701 1
130702 1
130703 2
130704 2
130705 1
130708 2
130709 2
130710 1
130711 1
130712 1
130715 2
130716 2
130717 1
130718 2
130719 2
130722 1
130723 2
130724 2
130725 1
130726 2
130729 1
130730 2
130731 2
130801 2
130802 2
130805 1
130806 2
130807 2
130808 2
130809 2
130812 2
130813 2
130814 1
130815 2
130816 2
130819 2
130820 1
130821 2
130822 1
130823 2
130826 1
130827 1
130828 1
130829 1
130830 1
130902 1
130903 1
130904 1
130905 2
130906 2
130909 2
130910 1
130911 1
130912 1
130913 1
130916 2
130917 1
130918 2
130923 1
130924 1
130925 2
130926 1
130927 1
130930 2
131008 2
131009 2
131010 2
131011 1
131014 2
131015 1
131016 1
131017 1
131018 2
131021 2
131022 1
131023 2
131024 1
131025 1
131028 1
131029 2
131030 2
131031 1
131101 2
131104 2
131105 2
131106 2
131107 1
131108 1
131111 1
131112 1
131113 2
131114 1
131115 2
131118 1
131119 1
131120 1
131121 1
131122 1
131125 1
131126 1
131127 1
131128 2
131129 1
131202 1
131203 1
131204 1
131205 1
131206 1
131209 2
131210 2
131211 1
131212 1
131213 1
131216 1
131217 2
131218 1
131219 1
131220 1
131223 1
131224 1
131225 1
131226 2
131227 1
131230 1
131231 2
140102 2
140103 1
140106 1
140107 1
140108 2
140109 2
140110 1
140113 1
140114 1
140115 2
140116 1
140117 2
140120 2
140121 1
140122 1
140123 1
140124 2
140127 1
140128 2
140129 1
140130 2
140207 2
140210 2
140211 1
140212 1
140213 1
140214 1
140217 1
140218 2
140219 2
140220 2
140221 2
140224 1
140225 2
140226 2
140227 2
140228 2
140303 2
140304 1
140305 1
140306 1
140307 1
140310 1
140311 1
140312 2
140313 2
140314 1
140317 1
140318 2
140319 2
140320 2
140321 2
140324 2
140325 2
140326 1
140327 1
140328 1
140331 1
140401 2
140402 1
140403 2
140404 1
140408 1
140409 1
140410 1
140411 1
140414 2
140415 1
140416 1
140417 1
140418 2
140421 2
140422 1
140423 2
140424 1
140425 1
140428 2
140429 2
140430 2
140505 1
140506 1
140507 2
140508 1
140509 1
140512 1
140513 2
140514 1
140515 1
140516 1
140519 1
140520 1
140521 1
140522 2
140523 1
140526 1
140527 2
140528 2
140529 1
140530 2
140603 1
140604 1
140605 2
140606 1
140609 2
140610 1
140611 2
140612 1
140613 2
140616 2
140617 2
140618 1
140619 2
140620 2
140623 2
140624 2
140625 1
140626 2
140627 1
140630 2
140701 1
140702 2
140703 1
140704 2
140707 1
140708 1
140709 1
140710 2
140711 2
140714 2
140715 1
140716 2
140717 1
140718 2
140721 1
140722 2
140723 1
140724 1
140725 1
140728 1
140729 2
140730 2
140731 1
140801 2
140804 2
140805 1
140806 1
140807 1
140808 1
140811 2
140812 1
140813 1
140814 1
140815 1
140818 2
140819 1
140820 2
140821 2
140822 1
140825 1
140826 1
140827 2
140828 2
140829 1
140901 1
140902 1
140903 1
140904 1
140905 2
140909 2
140910 2
140911 1
140912 2
140915 1
140916 1
140917 2
140918 2
140919 1
140922 1
140923 2
140924 1
140925 1
140926 1
140929 2
140930 2
141008 2
141009 1
141010 2
141013 1
141014 1
141015 1
141016 1
141017 1
141020 1
141021 2
141022 2
141023 2
141024 1
141027 2
141028 1
141029 1
141030 1
141031 2
141103 2
141104 1
141105 2
141106 1
141107 2
141110 1
141111 1
141112 2
141113 1
141114 2
141117 2
141118 1
141119 2
141120 1
141121 2
141124 2
141125 2
141126 2
141127 1
141128 1
141201 1
141202 2
141203 1
141204 1
141205 1
141208 1
141209 1
141210 2
141211 2
141212 2
141215 2
141216 1
141217 1
141218 2
141219 1
141222 1
141223 2
141224 1
141225 2
141226 1
141229 2
141230 2
141231 2
150105 1
150106 1
150107 1
150108 1
150109 1
150112 2
150113 2
150114 1
150115 1
150116 2
150119 2
150120 1
150121 2
150122 1
150123 1
150126 2
150127 1
150128 1
150129 1
150130 1
150202 2
150203 2
150204 1
150205 1
150206 1
150209 1
150210 1
150211 1
150212 1
150213 1
150216 2
150217 1
150225 1
150226 1
150227 1
150302 2
150303 1
150304 1
150305 1
150306 2
150309 2
150310 1
150311 1
150312 2
150313 1
150316 2
150317 1
150318 1
150319 2
150320 2
150323 2
150324 2
150325 2
150326 2
150327 1
150330 1
150331 1
150401 2
150402 1
150403 2
150407 2
150408 1
150409 1
150410 2
150413 2
150414 1
150415 2
150416 2
150417 1
150420 1
150421 2
150422 2
150423 1
150424 2
150427 1
150428 2
150429 1
150430 1
150504 2
150505 1
150506 2
150507 2
150508 1
150511 2
150512 1
150513 2
150514 2
150515 1
150518 2
150519 2
150520 1
150521 2
150522 2
150525 1
150526 2
150527 2
150528 1
150529 1
150601 2
150602 2
150603 2
150604 2
150605 2
150608 2
150609 2
150610 1
150611 2
150612 1
150615 1
150616 1
150617 2
150618 2
150619 1
150623 1
150624 2
150625 2
150626 1
150629 2
150630 1
150701 1
150702 2
150703 1
150706 2
150707 2
150708 1
150709 1
150710 2
150713 2
150714 2
150715 2
150716 1
150717 1
150720 1
150721 2
150722 1
150723 2
150724 1
150727 1
150728 1
150729 1
150730 1
150731 2
150803 2
150804 2
150805 2
150806 1
150807 1
150810 1
150811 1
150812 1
150813 2
150814 2
150817 1
150818 1
150819 1
150820 1
150821 1
150824 1
150825 2
150826 1
150827 1
150828 1
150831 1
150901 1
150902 2
150907 1
150908 2
150909 1
150910 2
150911 2
150914 1
150915 1
150916 2
150917 2
150918 1
150921 1
150922 1
150923 2
150924 2
150925 1
150928 1
150929 1
150930 1
151008 2
151009 1
151012 1
151013 2
151014 1
151015 1
151016 2
151019 2
151020 2
151021 1
151022 1
151023 1
151026 1
151027 2
151028 2
151029 2
151030 2
151102 1
151103 1
151104 2
151105 2
151106 1
151109 2
151110 2
151111 2
151112 2
151113 2
151116 1
151117 1
151118 2
151119 1
151120 2
151123 2
151124 1
151125 1
151126 1
151127 2
151130 1
151201 2
151202 2
151203 1
151204 1
151207 1
151208 2
151209 1
151210 1
151211 1
151214 1
151215 2
151216 1
151217 2
151218 1
151221 1
151222 2
151223 2
151224 2
151225 2
151228 1
151229 1
151230 1
151231 1
160104 1
160105 2
160106 2
160107 1
160108 1
160111 1
160112 1
160113 2
160114 1
160115 2
160118 1
160119 2
160120 1
160121 1
160122 1
160125 1
160126 1
160127 2
160128 1
160129 1
160201 2
160202 1
160203 2
160204 2
160205 1
160215 1
160216 1
160217 1
160218 1
160219 2
160222 2
160223 1
160224 2
160225 1
160226 1
160229 2
160301 2
160302 2
160303 2
160304 2
160307 2
160308 1
160309 1
160310 2
160311 1
160314 2
160315 2
160316 1
160317 2
160318 2
160321 2
160322 1
160323 1
160324 2
160325 1
160328 2
160329 1
160330 2
160331 2
160401 2
160405 1
160406 2
160407 1
160408 1
160411 1
160412 1
160413 2
160414 1
160415 1
160418 1
160419 2
160420 1
160421 1
160422 1
160425 2
160426 1
160427 1
160428 1
160429 2
160503 2
160504 1
160505 1
160506 1
160509 1
160510 2
160511 2
160512 1
160513 1
160516 1
160517 2
160518 2
160519 1
160520 1
160523 1
160524 1
160525 1
160526 2
160527 1
160530 2
160531 1
160601 1
160602 2
160603 1
160606 1
160607 1
160608 1
160613 1
160614 2
160615 1
160616 2
160617 1
160620 1
160621 1
160622 2
160623 2
160624 2
160627 1
160628 2
160629 2
160630 2
160701 2
160704 2
160705 1
160706 2
160707 1
160708 2
160711 1
160712 1
160713 1
160714 1
160715 2
160718 2
160719 1
160720 2
160721 2
160722 1
160725 2
160726 1
160727 2
160728 2
160729 1
160801 2
160802 1
160803 1
160804 1
160805 2
160808 1
160809 2
160810 2
160811 1
160812 2
160815 2
160816 1
160817 1
160818 1
160819 1
160822 1
160823 1
160824 2
160825 1
160826 2
160829 2
160830 2
160831 1
160901 2
160902 2
160905 2
160906 1
160907 2
160908 2
160909 1
160912 2
160913 1
160914 2
160919 2
160920 2
160921 2
160922 1
160923 1
160926 1
160927 2
160928 2
160929 2
160930 1
161010 1
161011 2
161012 2
161013 2
161014 2
161017 2
161018 1
161019 2
161020 2
161021 1
161024 2
161025 2
161026 2
161027 1
161028 1
161031 2
161101 1
161102 1
161103 1
161104 1
161107 2
161108 2
161109 1
161110 2
161111 2
161114 1
161115 2
161116 1
161117 2
161118 1
161121 1
161122 2
161123 1
161124 1
161125 1
161128 1
161129 1
161130 1
161201 2
161202 2
161205 1
161206 1
161207 2
161208 1
161209 2
161212 1
161213 2
161214 1
161215 1
161216 2
161219 2
161220 2
161221 2
161222 1
161223 2
161226 1
161227 2
161228 1
161229 1
161230 1
170103 1
170104 2
170105 2
170106 1
170109 2
170110 2
170111 1
170112 2
170113 2
170116 1
170117 1
170118 2
170119 1
170120 1
170123 1
170124 2
170125 1
170126 1
170203 2
170206 2
170207 2
170208 1
170209 1
170210 2
170213 1
170214 1
170215 2
170216 1
170217 1
170220 2
170221 2
170222 2
170223 1
170224 1
170227 1
170228 1
170301 2
170302 1
170303 1
170306 1
170307 1
170308 1
170309 2
170310 1
170313 1
170314 1
170315 2
170316 2
170317 2
170320 2
170321 2
170322 1
170323 1
170324 1
170327 1
170328 1
170329 2
170330 1
170331 2
170405 2
170406 2
170407 1
170410 1
170411 2
170412 1
170413 1
170414 1
170417 2
170418 1
170419 1
170420 2
170421 2
170424 1
170425 1
170426 1
170427 1
170428 1
170502 2
170503 2
170504 1
170505 1
170508 2
170509 1
170510 1
170511 2
170512 1
170515 1
170516 1
170517 1
170518 1
170519 2
170522 2
170523 1
170524 2
170525 1
170526 1
170531 1
170601 1
170602 2
170605 1
170606 1
170607 2
170608 1
170609 2
170612 1
170613 1
170614 1
170615 2
170616 1
170619 2
170620 1
170621 1
170622 2
170623 1
170626 2
170627 1
170628 1
170629 2
170630 1
170703 1
170704 2
170705 2
170706 1
170707 2
170710 2
170711 1
170712 1
170713 1
170714 2
170717 1
170718 1
170719 1
170720 1
170721 1
170724 2
170725 2
170726 1
170727 1
170728 1
170731 2
170801 1
170802 2
170803 1
170804 2
170807 1
170808 1
170809 1
170810 1
170811 2
170814 1
170815 1
170816 2
170817 2
170818 1
170821 2
