100416 3
100419 3
100420 3
100421 3
100422 3
100423 3
100426 3
100427 3
100428 3
100429 3
100430 3
100504 3
100505 3
100506 3
100507 3
100510 3
100511 3
100512 3
100513 3
100514 3
100517 3
100518 3
100519 3
100520 3
100521 3
100524 3
100525 3
100526 3
100527 3
100528 3
100531 3
100601 3
100602 3
100603 3
100604 3
100607 3
100608 3
100609 3
100610 3
100611 3
100617 3
100618 3
100621 3
100622 3
100623 1
100624 3
100625 3
100628 3
100629 3
100630 3
100701 3
100702 3
100705 3
100706 3
100707 3
100708 1
100709 3
100712 3
100713 3
100714 3
100715 3
100716 3
100719 3
100720 2
100721 3
100722 3
100723 3
100726 3
100727 3
100728 3
100729 3
100730 3
100802 3
100803 3
100804 3
100805 3
100806 3
100809 3
100810 3
100811 2
100812 1
100813 2
100816 3
100817 3
100818 3
100819 3
100820 3
100823 3
100824 3
100825 3
100826 3
100827 3
100830 3
100831 3
100901 3
100902 3
100903 3
100906 3
100907 3
100908 3
100909 3
100910 2
100913 3
100914 3
100915 3
100916 3
100917 3
100920 3
100921 3
100927 3
100928 3
100929 3
100930 1
101008 3
101011 3
101012 3
101013 3
101014 3
101015 3
101018 3
101019 3
101020 1
101021 3
101022 3
101025 3
101026 3
101027 3
101028 2
101029 3
101101 3
101102 3
101103 3
101104 3
101105 3
101108 3
101109 3
101110 1
101111 3
101112 3
101115 3
101116 3
101117 3
101118 3
101119 3
101122 3
101123 3
101124 3
101125 3
101126 3
101129 3
101130 1
101201 3
101202 3
101203 3
101206 3
101207 3
101208 3
101209 3
101210 2
101213 3
101214 3
101215 3
101216 3
101217 3
101220 1
101221 3
101222 3
101223 3
101224 2
101227 3
101228 3
101229 1
101230 3
101231 3
110104 3
110105 3
110106 3
110107 3
110110 3
110111 3
110112 3
110113 3
110114 3
110117 3
110118 3
110119 3
110120 3
110121 3
110124 3
110125 3
110126 3
110127 3
110128 3
110131 3
110201 3
110209 3
110210 3
110211 3
110214 3
110215 3
110216 3
110217 3
110218 3
110221 3
110222 3
110223 3
110224 3
110225 2
110228 3
110301 3
110302 1
110303 3
110304 3
110307 3
110308 3
110309 3
110310 3
110311 3
110314 3
110315 3
110316 3
110317 3
110318 3
110321 3
110322 3
110323 3
110324 3
110325 3
110328 1
110329 2
110330 3
110331 3
110401 3
110406 3
110407 3
110408 3
110411 3
110412 3
110413 3
110414 3
110415 3
110418 3
110419 3
110420 3
110421 3
110422 3
110425 3
110426 3
110427 1
110428 3
110429 3
110503 3
110504 3
110505 3
110506 3
110509 3
110510 3
110511 3
110512 2
110513 3
110516 3
110517 3
110518 3
110519 3
110520 3
110523 3
110524 3
110525 3
110526 3
110527 3
110530 3
110531 1
110601 3
110602 3
110603 3
110607 3
110608 1
110609 3
110610 3
110613 3
110614 3
110615 3
110616 3
110617 3
110620 3
110621 3
110622 3
110623 1
110624 3
110627 3
110628 3
110629 2
110630 3
110701 3
110704 3
110705 3
110706 3
110707 3
110708 3
110711 3
110712 3
110713 3
110714 3
110715 3
110718 3
110719 3
110720 3
110721 3
110722 2
110725 3
110726 3
110727 3
110728 3
110729 1
110801 3
110802 3
110803 3
110804 3
110805 3
110808 3
110809 3
110810 3
110811 3
110812 3
110815 3
110816 3
110817 3
110818 3
110819 3
110822 1
110823 3
110824 1
110825 3
110826 3
110829 2
110830 3
110831 2
110901 3
110902 3
110905 3
110906 3
110907 3
110908 3
110909 3
110913 3
110914 3
110915 3
110916 3
110919 3
110920 3
110921 3
110922 3
110923 3
110926 3
110927 2
110928 1
110929 3
110930 3
111010 3
111011 3
111012 3
111013 3
111014 3
111017 3
111018 3
111019 3
111020 3
111021 3
111024 3
111025 3
111026 3
111027 3
111028 3
111031 3
111101 3
111102 3
111103 3
111104 3
111107 2
111108 3
111109 2
111110 3
111111 3
111114 3
111115 3
111116 3
111117 3
111118 3
111121 3
111122 3
111123 3
111124 3
111125 3
111128 3
111129 3
111130 3
111201 1
111202 3
111205 3
111206 3
111207 1
111208 2
111209 3
111212 3
111213 3
111214 3
111215 3
111216 3
111219 3
111220 3
111221 3
111222 3
111223 3
111226 3
111227 3
111228 1
111229 3
111230 3
120104 3
120105 1
120106 3
120109 3
120110 3
120111 3
120112 3
120113 3
120116 3
120117 3
120118 3
120119 3
120120 3
120130 3
120131 3
120201 2
120202 3
120203 1
120206 1
120207 3
120208 3
120209 3
120210 3
120213 3
120214 3
120215 3
120216 3
120217 3
120220 3
120221 1
120222 3
120223 3
120224 2
120227 3
120228 3
120229 2
120301 3
120302 3
120305 3
120306 2
120307 3
120308 3
120309 3
120312 3
120313 3
120314 3
120315 3
120316 3
120319 3
120320 3
120321 3
120322 3
120323 3
120326 3
120327 3
120328 3
120329 3
120330 3
120405 3
120406 3
120409 3
120410 3
120411 3
120412 3
120413 3
120416 3
120417 3
120418 3
120419 3
120420 3
120423 3
120424 3
120425 1
120426 3
120427 3
120502 3
120503 1
120504 1
120507 3
120508 3
120509 3
120510 3
120511 3
120514 3
120515 3
120516 3
120517 3
120518 3
120521 3
120522 3
120523 3
120524 3
120525 3
120528 1
120529 3
120530 3
120531 3
120601 3
120604 1
120605 2
120606 3
120607 3
120608 3
120611 3
120612 3
120613 3
120614 3
120615 3
120618 3
120619 3
120620 3
120621 3
120625 3
120626 2
120627 3
120628 3
120629 3
120702 3
120703 3
120704 3
120705 3
120706 3
120709 3
120710 3
120711 3
120712 3
120713 3
120716 3
120717 3
120718 3
120719 3
120720 3
120723 1
120724 3
120725 3
120726 3
120727 3
120730 3
120731 2
120801 3
120802 3
120803 3
120806 3
120807 3
120808 3
120809 1
120810 3
120813 3
120814 3
120815 3
120816 3
120817 3
120820 3
120821 1
120822 1
120823 3
120824 3
120827 3
120828 3
120829 3
120830 2
120831 3
120903 3
120904 3
120905 3
120906 3
120907 3
120910 3
120911 3
120912 3
120913 3
120914 3
120917 3
120918 3
120919 3
120920 3
120921 3
120924 3
120925 3
120926 1
120927 3
120928 3
121008 1
121009 3
121010 3
121011 3
121012 3
121015 3
121016 3
121017 3
121018 3
121019 3
121022 3
121023 3
121024 2
121025 3
121026 3
121029 3
121030 3
121031 1
121101 2
121102 3
121105 3
121106 3
121107 2
121108 3
121109 3
121112 3
121113 3
121114 3
121115 3
121116 3
121119 3
121120 1
121121 3
121122 3
121123 3
121126 2
121127 3
121128 3
121129 3
121130 3
121203 3
121204 3
121205 3
121206 3
121207 3
121210 3
121211 3
121212 1
121213 3
121214 1
121217 3
121218 3
121219 3
121220 3
121221 3
121224 3
121225 3
121226 3
121227 2
121228 3
121231 3
130104 3
130107 3
130108 3
130109 3
130110 3
130111 2
130114 3
130115 3
130116 3
130117 3
130118 3
130121 3
130122 3
130123 3
130124 3
130125 3
130128 3
130129 3
130130 3
130131 3
130201 2
130204 3
130205 3
130206 3
130207 3
130208 3
130218 3
130219 3
130220 3
130221 3
130222 3
130225 3
130226 3
130227 3
130228 3
130301 3
130304 3
130305 3
130306 3
130307 3
130308 3
130311 3
130312 3
130313 3
130314 3
130315 3
130318 3
130319 3
130320 3
130321 3
130322 3
130325 2
130326 3
130327 3
130328 3
130329 3
130401 1
130402 3
130403 3
130408 3
130409 3
130410 3
130411 3
130412 3
130415 3
130416 3
130417 3
130418 3
130419 3
130422 3
130423 1
130424 3
130425 3
130426 3
130502 1
130503 3
130506 3
130507 1
130508 3
130509 3
130510 1
130513 3
130514 3
130515 3
130516 3
130517 3
130520 1
130521 3
130522 3
130523 3
130524 3
130527 3
130528 3
130529 3
130530 3
130531 3
130603 3
130604 1
130605 1
130606 3
130607 3
130613 3
130614 3
130617 3
130618 3
130619 3
130620 3
130621 3
130624 3
130625 3
130626 3
130627 3
130628 3
130701 1
130702 1
130703 3
130704 1
130705 3
130708 1
130709 2
130710 3
130711 3
130712 3
130715 3
130716 3
130717 3
130718 3
130719 3
130722 3
130723 3
130724 3
130725 2
130726 2
130729 3
130730 3
130731 3
130801 3
130802 3
130805 3
130806 3
130807 3
130808 3
130809 3
130812 3
130813 3
130814 3
130815 3
130816 3
130819 3
130820 3
130821 3
130822 3
130823 3
130826 3
130827 3
130828 1
130829 3
130830 1
130902 3
130903 3
130904 3
130905 3
130906 3
130909 1
130910 1
130911 1
130912 3
130913 3
130916 3
130917 3
130918 3
130923 3
130924 1
130925 3
130926 3
130927 3
130930 3
131008 3
131009 1
131010 3
131011 3
131014 3
131015 3
131016 3
131017 3
131018 3
131021 3
131022 3
131023 3
131024 3
131025 2
131028 1
131029 3
131030 3
131031 3
131101 3
131104 3
131105 2
131106 3
131107 3
131108 3
131111 3
131112 3
131113 3
131114 3
131115 3
131118 3
131119 3
131120 3
131121 3
131122 3
131125 3
131126 3
131127 1
131128 3
131129 3
131202 2
131203 1
131204 3
131205 3
131206 2
131209 3
131210 3
131211 1
131212 3
131213 3
131216 2
131217 3
131218 3
131219 3
131220 3
131223 1
131224 3
131225 1
131226 3
131227 2
131230 3
131231 3
140102 3
140103 3
140106 3
140107 3
140108 3
140109 3
140110 2
140113 3
140114 3
140115 3
140116 3
140117 3
140120 3
140121 3
140122 3
140123 3
140124 2
140127 3
140128 1
140129 3
140130 3
140207 3
140210 3
140211 3
140212 3
140213 2
140214 3
140217 3
140218 3
140219 3
140220 3
140221 3
140224 3
140225 3
140226 3
140227 1
140228 3
140303 3
140304 3
140305 3
140306 3
140307 3
140310 1
140311 3
140312 3
140313 3
140314 3
140317 3
140318 3
140319 3
140320 3
140321 3
140324 1
140325 3
140326 2
140327 1
140328 3
140331 3
140401 3
140402 1
140403 3
140404 3
140408 3
140409 3
140410 3
140411 3
140414 3
140415 3
140416 3
140417 3
140418 3
140421 3
140422 3
140423 1
140424 1
140425 3
140428 3
140429 3
140430 3
140505 3
140506 3
140507 3
140508 3
140509 3
140512 3
140513 3
140514 3
140515 3
140516 3
140519 3
140520 3
140521 3
140522 3
140523 3
140526 3
140527 3
140528 3
140529 3
140530 3
140603 3
140604 3
140605 3
140606 3
140609 1
140610 3
140611 3
140612 3
140613 1
140616 3
140617 3
140618 3
140619 3
140620 3
140623 3
140624 3
140625 1
140626 3
140627 3
140630 3
140701 1
140702 1
140703 3
140704 3
140707 3
140708 1
140709 3
140710 3
140711 3
140714 3
140715 3
140716 3
140717 3
140718 3
140721 3
140722 3
140723 1
140724 3
140725 3
140728 3
140729 2
140730 1
140731 3
140801 3
140804 3
140805 3
140806 3
140807 3
140808 3
140811 3
140812 3
140813 3
140814 3
140815 3
140818 3
140819 3
140820 2
140821 3
140822 3
140825 1
140826 3
140827 3
140828 3
140829 3
140901 3
140902 3
140903 1
140904 3
140905 3
140909 3
140910 3
140911 3
140912 3
140915 3
140916 3
140917 3
140918 3
140919 3
140922 3
140923 3
140924 3
140925 3
140926 2
140929 3
140930 3
141008 3
141009 3
141010 3
141013 3
141014 3
141015 3
141016 3
141017 3
141020 3
141021 3
141022 3
141023 3
141024 3
141027 3
141028 3
141029 3
141030 1
141031 3
141103 3
141104 3
141105 1
141106 3
141107 3
141110 1
141111 1
141112 3
141113 3
141114 3
141117 3
141118 3
141119 3
141120 3
141121 3
141124 1
141125 3
141126 3
141127 3
141128 3
141201 1
141202 2
141203 1
141204 3
141205 3
141208 3
141209 3
141210 3
141211 3
141212 1
141215 1
141216 3
141217 3
141218 3
141219 3
141222 3
141223 3
141224 3
141225 3
141226 3
141229 3
141230 3
141231 3
150105 3
150106 3
150107 3
150108 3
150109 3
150112 3
150113 3
150114 3
150115 3
150116 3
150119 3
150120 3
150121 3
150122 3
150123 3
150126 3
150127 3
150128 3
150129 3
150130 3
150202 3
150203 3
150204 3
150205 3
150206 3
150209 3
150210 3
150211 3
150212 3
150213 3
150216 3
150217 3
150225 3
150226 3
150227 3
150302 1
150303 3
150304 3
150305 3
150306 1
150309 1
150310 3
150311 3
150312 3
150313 3
150316 1
150317 3
150318 3
150319 3
150320 3
150323 3
150324 3
150325 3
150326 1
150327 1
150330 3
150331 3
150401 3
150402 3
150403 3
150407 3
150408 3
150409 3
150410 3
150413 3
150414 3
150415 3
150416 3
150417 3
150420 3
150421 3
150422 3
150423 3
150424 3
150427 3
150428 3
150429 3
150430 3
150504 3
150505 3
150506 3
150507 3
150508 3
150511 3
150512 3
150513 3
150514 3
150515 3
150518 3
150519 3
150520 3
150521 3
150522 3
150525 3
150526 3
150527 3
150528 3
150529 3
150601 3
150602 3
150603 3
150604 3
150605 3
150608 3
150609 3
150610 2
150611 3
150612 3
150615 2
150616 3
150617 3
150618 3
150619 3
150623 3
150624 3
150625 3
150626 3
150629 1
150630 3
150701 3
150702 3
150703 3
150706 3
150707 3
150708 1
150709 3
150710 3
150713 3
150714 3
150715 3
150716 3
150717 3
150720 2
150721 1
150722 3
150723 3
150724 2
150727 3
150728 3
150729 3
150730 3
150731 3
150803 3
150804 3
150805 3
150806 3
150807 3
150810 3
150811 3
150812 3
150813 3
150814 3
150817 3
150818 3
150819 3
150820 3
150821 3
150824 3
150825 1
150826 3
150827 1
150828 3
150831 3
150901 3
150902 3
150907 3
150908 3
150909 3
150910 3
150911 3
150914 3
150915 3
150916 3
150917 3
150918 3
150921 3
150922 1
150923 3
150924 3
150925 3
150928 3
150929 3
150930 3
151008 3
151009 3
151012 3
151013 3
151014 3
151015 3
151016 3
151019 3
151020 3
151021 3
151022 3
151023 3
151026 3
151027 3
151028 3
151029 3
151030 3
151102 3
151103 3
151104 3
151105 3
151106 3
151109 2
151110 3
151111 3
151112 3
151113 3
151116 3
151117 3
151118 3
151119 3
151120 3
151123 3
151124 1
151125 3
151126 3
151127 1
151130 3
151201 1
151202 3
151203 3
151204 3
151207 3
151208 3
151209 3
151210 3
151211 3
151214 3
151215 3
151216 3
151217 3
151218 3
151221 3
151222 3
151223 3
151224 3
151225 3
151228 3
151229 3
151230 2
151231 3
160104 3
160105 3
160106 3
160107 3
160108 3
160111 3
160112 3
160113 3
160114 3
160115 3
160118 3
160119 3
160120 3
160121 3
160122 3
160125 1
160126 3
160127 3
160128 3
160129 2
160201 3
160202 2
160203 3
160204 2
160205 3
160215 3
160216 3
160217 3
160218 3
160219 3
160222 3
160223 3
160224 3
160225 3
160226 2
160229 3
160301 3
160302 3
160303 3
160304 1
160307 2
160308 3
160309 3
160310 3
160311 3
160314 3
160315 3
160316 3
160317 3
160318 3
160321 3
160322 3
160323 3
160324 3
160325 2
160328 3
160329 3
160330 2
160331 1
160401 3
160405 3
160406 3
160407 3
160408 3
160411 3
160412 3
160413 3
160414 3
160415 3
160418 3
160419 3
160420 3
160421 3
160422 3
160425 3
160426 2
160427 1
160428 3
160429 3
160503 3
160504 3
160505 3
160506 1
160509 3
160510 3
160511 3
160512 3
160513 3
160516 3
160517 3
160518 3
160519 3
160520 3
160523 3
160524 3
160525 3
160526 3
160527 3
160530 1
160531 3
160601 3
160602 3
160603 3
160606 3
160607 3
160608 3
160613 3
160614 3
160615 3
160616 3
160617 3
160620 3
160621 3
160622 2
160623 1
160624 3
160627 3
160628 3
160629 3
160630 3
160701 3
160704 3
160705 3
160706 3
160707 3
160708 3
160711 3
160712 3
160713 3
160714 3
160715 3
160718 3
160719 3
160720 3
160721 3
160722 3
160725 3
160726 3
160727 3
160728 3
160729 1
160801 3
160802 3
160803 3
160804 3
160805 3
160808 3
160809 3
160810 3
160811 3
160812 3
160815 3
160816 3
160817 3
160818 3
160819 3
160822 3
160823 3
160824 3
160825 3
160826 1
160829 3
160830 3
160831 3
160901 3
160902 3
160905 3
160906 3
160907 3
160908 3
160909 3
160912 3
160913 3
160914 3
160919 3
160920 3
160921 3
160922 3
160923 3
160926 3
160927 3
160928 3
160929 2
160930 3
161010 2
161011 3
161012 3
161013 3
161014 3
161017 3
161018 3
161019 3
161020 3
161021 3
161024 3
161025 3
161026 2
161027 3
161028 3
161031 3
161101 3
161102 3
161103 3
161104 3
161107 3
161108 3
161109 3
161110 3
161111 3
161114 3
161115 3
161116 3
161117 3
161118 3
161121 3
161122 3
161123 3
161124 1
161125 3
161128 3
161129 3
161130 3
161201 3
161202 3
161205 3
161206 3
161207 3
161208 3
161209 3
161212 3
161213 3
161214 3
161215 3
161216 3
161219 3
161220 3
161221 3
161222 3
161223 3
161226 3
161227 3
161228 3
161229 2
161230 3
170103 3
170104 3
170105 3
170106 1
170109 3
170110 3
170111 3
170112 3
170113 3
170116 3
170117 3
170118 3
170119 3
170120 3
170123 3
170124 3
170125 3
170126 2
170203 3
170206 3
170207 3
170208 3
170209 3
170210 3
170213 3
170214 3
170215 3
170216 3
170217 3
170220 3
170221 3
170222 2
170223 1
170224 3
170227 1
170228 3
170301 3
170302 3
170303 3
170306 3
170307 3
170308 3
170309 3
170310 3
170313 3
170314 3
170315 3
170316 3
170317 3
170320 3
170321 3
170322 3
170323 3
170324 3
170327 3
170328 2
170329 3
170330 3
170331 3
170405 3
170406 3
170407 1
170410 3
170411 3
170412 3
170413 3
170414 3
170417 3
170418 3
170419 3
170420 3
170421 3
170424 3
170425 3
170426 3
170427 3
170428 3
170502 2
170503 3
170504 3
170505 1
170508 3
170509 3
170510 3
170511 3
170512 3
170515 3
170516 3
170517 3
170518 3
170519 3
170522 3
170523 3
170524 3
170525 3
170526 3
170531 3
170601 3
170602 3
170605 3
170606 3
170607 3
170608 3
170609 3
170612 3
170613 3
170614 3
170615 3
170616 3
170619 3
170620 3
170621 3
170622 3
170623 3
170626 3
170627 3
170628 3
170629 3
170630 3
170703 3
170704 1
170705 3
170706 3
170707 3
170710 1
170711 3
170712 3
170713 3
170714 3
170717 3
170718 3
170719 3
170720 3
170721 3
170724 3
170725 3
170726 3
170727 3
170728 3
170731 3
170801 3
170802 3
170803 3
170804 2