130906 2
130909 2
130910 1
130911 1
130912 1
130913 2
130916 2
130917 1
130918 1
130923 1
130924 2
130925 1
130926 1
130927 1
130930 1
131008 2
131009 2
131010 2
131011 1
131014 2
131015 2
131016 2
131017 1
131018 1
131021 1
131022 1
131023 1
131024 2
131025 1
131028 2
131029 2
131030 1
131031 2
131101 1
131104 1
131105 2
131106 2
131107 2
131108 2
131111 2
131112 1
131113 2
131114 1
131115 2
131118 2
131119 1
131120 2
131121 1
131122 1
131125 1
131126 1
131127 1
131128 1
131129 3
131202 3
131203 3
131204 3
131205 3
131206 3
131209 3
131210 3
131211 3
131212 3
131213 3
131216 1
131217 2
131218 1
131219 2
131220 2
131223 2
131224 1
131225 2
131226 1
131227 1
131230 2
131231 2
140102 2
140103 2
140106 1
140107 2
140108 1
140109 1
140110 2
140113 2
140114 1
140115 1
140116 1
140117 2
140120 2
140121 1
140122 1
140123 1
140124 1
140127 1
140128 1
140129 2
140130 1
140207 1
140210 1
140211 2
140212 1
140213 1
140214 1
140217 2
140218 1
140219 1
140220 1
140221 1
140224 1
140225 2
140226 1
140227 1
140228 3
140303 3
140304 3
140305 3
140306 3
140307 3
140310 3
140311 3
140312 3
140313 3
140314 3
140317 1
140318 1
140319 2
140320 2
140321 2
140324 1
140325 2
140326 2
140327 2
140328 2
140331 1
140401 1
140402 1
140403 2
140404 1
140408 2
140409 1
140410 2
140411 1
140414 2
140415 1
140416 2
140417 2
140418 2
140421 2
140422 0
140423 2
140424 1
140425 2
140428 2
140429 2
140430 1
140505 1
140506 2
140507 2
140508 2
140509 2
140512 1
140513 1
140514 2
140515 2
140516 2
140519 1
140520 1
140521 1
140522 1
140523 1
140526 1
140527 3
140528 3
140529 3
140530 3
140603 3
140604 3
140605 3
140606 3
140609 3
140610 3
140611 3
140612 3
140613 3
140616 1
140617 1
140618 2
140619 2
140620 2
140623 1
140624 2
140625 1
140626 2
140627 1
140630 1
140701 1
140702 1
140703 1
140704 2
140707 2
140708 1
140709 1
140710 2
140711 2
140714 1
140715 1
140716 2
140717 2
140718 1
140721 1
140722 1
140723 2
140724 1
140725 2
140728 1
140729 1
140730 1
140731 2
140801 1
140804 1
140805 2
140806 2
140807 1
140808 1
140811 2
140812 1
140813 1
140814 2
140815 2
140818 1
140819 1
140820 2
140821 3
140822 3
140825 3
140826 3
140827 3
140828 3
140829 3
140901 3
140902 3
140903 3
140904 3
140905 3
140909 2
140910 1
140911 2
140912 2
140915 2
140916 2
140917 1
140918 2
140919 1
140922 1
140923 2
140924 1
140925 1
140926 1
140929 1
140930 2
141008 2
141009 1
141010 1
141013 2
141014 1
141015 1
141016 1
141017 2
141020 1
141021 1
141022 1
141023 2
141024 2
141027 1
141028 2
141029 1
141030 1
141031 1
141103 1
141104 1
141105 2
141106 2
141107 2
141110 2
141111 2
141112 2
141113 2
141114 1
141117 2
141118 2
141119 1
141120 2
141121 2
141124 2
141125 1
141126 2
141127 2
141128 1
141201 2
141202 1
141203 2
141204 2
141205 2
141208 2
141209 1
141210 1
141211 1
141212 2
141215 2
141216 1
141217 1
141218 1
141219 2
141222 1
141223 2
141224 1
141225 1
141226 2
141229 1
141230 1
141231 2
150105 1
150106 2
150107 2
150108 2
150109 1
150112 1
150113 2
150114 1
150115 1
150116 2
150119 1
150120 2
150121 1
150122 2
150123 1
150126 2
150127 1
150128 1
150129 1
150130 2
150202 2
150203 1
150204 1
150205 2
150206 2
150209 2
150210 2
150211 2
150212 2
150213 2
150216 2
150217 2
150225 1
150226 1
150227 2
150302 1
150303 2
150304 2
150305 1
150306 2
150309 1
150310 1
150311 2
150312 1
150313 2
150316 1
150317 2
150318 1
150319 2
150320 2
150323 1
150324 1
150325 2
150326 1
150327 1
150330 2
150331 1
150401 2
150402 1
150403 1
150407 1
150408 1
150409 1
150410 1
150413 2
150414 2
150415 2
150416 2
150417 2
150420 1
150421 1
150422 2
150423 2
150424 1
150427 1
150428 1
150429 2
150430 1
150504 1
150505 2
150506 1
150507 1
150508 1
150511 1
150512 1
150513 1
150514 1
150515 1
150518 2
150519 2
150520 2
150521 2
150522 2
150525 2
150526 2
150527 1
150528 2
150529 2
150601 1
150602 1
150603 1
150604 1
150605 2
150608 1
150609 1
150610 2
150611 2
150612 1
150615 2
150616 2
150617 1
150618 1
150619 1
150623 1
150624 1
150625 1
150626 1
150629 1
150630 2
150701 2
150702 1
150703 1
150706 1
150707 2
150708 1
150709 1
150710 2
150713 1
150714 2
150715 2
150716 2
150717 1
150720 2
150721 1
150722 2
150723 2
150724 2
150727 1
150728 2
150729 1
150730 1
150731 1
150803 1
150804 2
150805 1
150806 2
150807 1
150810 1
150811 1
150812 1
150813 1
150814 1
150817 1
150818 2
150819 2
150820 2
150821 2
150824 2
150825 2
150826 1
150827 2
150828 1
150831 2
150901 1
150902 1
150907 2
150908 2
150909 2
150910 2
150911 2
150914 2
150915 2
150916 1
150917 1
150918 2
150921 1
150922 1
150923 2
150924 2
150925 2
150928 2
150929 2
150930 1
151008 1
151009 2
151012 2
151013 2
151014 1
151015 1
151016 1
151019 2
151020 2
151021 1
151022 2
151023 2
151026 2
151027 2
151028 1
151029 1
151030 1
151102 2
151103 1
151104 1
151105 2
151106 1
151109 1
151110 2
151111 2
151112 1
151113 2
151116 2
151117 2
151118 1
151119 2
151120 2
151123 1
151124 1
151125 1
151126 2
151127 1
151130 2
151201 1
151202 2
151203 2
151204 1
151207 2
151208 2
151209 1
151210 1
151211 2
151214 1
151215 1
151216 2
151217 1
151218 2
151221 1
151222 1
151223 2
151224 1
151225 1
151228 1
151229 1
151230 2
151231 2
160104 2
160105 1
160106 2
160107 1
160108 2
160111 1
160112 2
160113 1
160114 1
160115 2
160118 1
160119 2
160120 2
160121 2
160122 1
160125 1
160126 1
160127 1
160128 1
160129 2
160201 1
160202 2
160203 2
160204 1
160205 1
160215 2
160216 1
160217 1
160218 1
160219 1
160222 1
160223 1
160224 2
160225 1
160226 1
160229 2
160301 2
160302 1
160303 1
160304 2
160307 2
160308 1
160309 2
160310 1
160311 2
160314 1
160315 1
160316 2
160317 1
160318 2
160321 1
160322 2
160323 1
160324 2
160325 1
160328 1
160329 2
160330 1
160331 1
160401 1
160405 1
160406 2
160407 1
160408 2
160411 1
160412 1
160413 2
160414 1
160415 1
160418 2
160419 2
160420 1
160421 2
160422 2
160425 2
160426 2
160427 1
160428 2
160429 1
160503 2
160504 1
160505 1
160506 1
160509 1
160510 2
160511 2
160512 2
160513 1
160516 1
160517 2
160518 1
160519 2
160520 2
160523 2
160524 2
160525 1
160526 2
160527 1
160530 1
160531 2
160601 1
160602 1
160603 2
160606 2
160607 1
160608 1
160613 2
160614 2
160615 2
160616 2
160617 1
160620 1
160621 2
160622 2
160623 1
160624 2
160627 2
160628 1
160629 1
160630 2
160701 2
160704 1
160705 2
160706 2
160707 2
160708 2
160711 1
160712 1
160713 2
160714 2
160715 2
160718 1
160719 1
160720 1
160721 1
160722 2
160725 1
160726 2
160727 1
160728 2
160729 1
160801 1
160802 2
160803 2
160804 1
160805 2
160808 1
160809 1
160810 1
160811 1
160812 2
160815 1
160816 1
160817 2
160818 1
160819 1
160822 2
160823 1
160824 2
160825 1
160826 2
160829 1
160830 1
160831 2
160901 2
160902 1
160905 2
160906 2
160907 1
160908 2
160909 2
160912 1
160913 1
160914 2
160919 1
160920 2
160921 1
160922 1
160923 2
160926 1
160927 2
160928 1
160929 1
160930 2
161010 1
161011 1
161012 1
161013 2
161014 2
161017 2
161018 2
161019 2
161020 2
161021 2
161024 1
161025 1
161026 1
161027 2
161028 1
161031 1
161101 2
161102 1
161103 2
161104 2
161107 1
161108 2
161109 1
161110 2
161111 1
161114 2
161115 2
161116 1
161117 2
161118 1
161121 1
161122 1
161123 2
161124 2
161125 2
161128 2
161129 1
161130 1
161201 1
161202 2
161205 1
161206 1
161207 1
161208 2
161209 1
161212 1
161213 2
161214 2
161215 1
161216 1
161219 1
161220 2
161221 2
161222 2
161223 1
161226 2
161227 1
161228 2
161229 2
161230 1
170103 2
170104 1
170105 2
170106 1
170109 2
170110 1
170111 2
170112 2
170113 1
170116 2
170117 2
170118 1
170119 2
170120 1
170123 1
170124 1
170125 1
170126 1
170203 2
170206 2
170207 1
170208 2
170209 1
170210 1
170213 2
170214 1
170215 1
170216 2
170217 1
170220 2
170221 2
170222 2
170223 2
170224 1
170227 1
170228 2
170301 1
170302 2
170303 1
170306 2
170307 2
170308 1
170309 2
170310 2
170313 2
170314 1
170315 1
170316 2
170317 2
170320 2
170321 2
170322 1
170323 2
170324 2
170327 2
170328 2
170329 2
170330 1
170331 2
170405 2
170406 2
170407 1
170410 1
170411 2
170412 2
170413 1
170414 1
170417 2
170418 1
170419 2
170420 1
170421 1
170424 1
170425 2
170426 1
170427 2
170428 1
170502 1
170503 1
170504 1
170505 1
170508 1
170509 2
170510 2
170511 2
170512 1
170515 1
170516 1
170517 1
170518 2
170519 1
170522 1
170523 2
170524 2
170525 1
170526 1
170531 2
170601 1
170602 1
170605 1
170606 1
170607 1
170608 2
170609 1
170612 2
170613 1
170614 2
170615 1
170616 2
170619 2
170620 1
170621 2
170622 1
170623 2
170626 2
170627 1
170628 2
170629 1
170630 2
170703 1
170704 2
170705 1
170706 2
170707 1
170710 2
170711 2
170712 1
170713 1
170714 2
170717 2
170718 1
170719 1
170720 2
170721 1
170724 2
170725 1
170726 1
170727 1
170728 1
170731 2
170801 1
170802 2
170803 2
170804 2
170807 1
170808 2